108
265
395
409
485
781
824
906
927
933
1018
1057
1071
1151
1153
1191
1405
1421
1703
1724
1729
1794
1813
1958
1966
2010
2042
2080
2085
2127
2337
2808
2992
3415
3610
3672
3707
3847
3878
3941
3948
4004
4053
4249
4280
4281
4577
4625
4659
4950
5328
5407
5459
5637
5745
5837
5850
5874
5966
5971
6470
6501
6610
6748
6948
7152
7182
7217
7224
7335
7540
7661
7735
7817
7850
7935
8089
8107
8156
8284
8363
8536
8627
8640
8724
8782
8836
9013
9310
9638
9703
9888
9963
9977
9977
10052
10104
10247
10269
10448
10460
10712
10723
10771
10813
10831
10884
10931
10952
11093
11107
11210
11275
11618
11629
11681
11747
11790
11962
11990
12336
12481
12839
12885
12925
13076
13104
13253
13311
13403
13581
13701
13706
13725
13752
13775
13777
13824
13892
13925
13983
14009
14050
14171
14179
14188
14188
14192
14313
14385
14449
14620
14641
14643
14761
14793
14848
14866
14876
14997
15018
15115
15188
15197
15290
15332
15532
15582
15648
15762
15928
16009
16183
16585
16644
16664
16994
17071
17096
17225
17318
17327
17383
17389
17406
17569
17692
17845
17995
18127
18210
18381
18574
18826
19101
19136
19230
19257
19270
19278
19348
19515
19695
19789
19852
19947
20134
20183
20436
20584
20596
20598
20626
20660
20735
21297
21396
21467
21484
21520
21595
21639
21767
22271
22288
22400
22401
22779
22862
22867
22919
23103
23186
23201
23244
23442
23448
23493
23616
23665
23679
23839
23872
23875
23886
24368
24509
24564
24606
24711
24801
24961
24980
24981
25069
25082
25167
25223
25225
25309
25512
25548
25725
26021
26106
26137
26264
26298
26349
26439
26470
26610
26664
26969
27038
27362
27504
27506
27509
27772
27879
27884
28376
28834
29053
29150
29173
29239
29333
29336
29342
29386
29419
29496
29514
29624
29632
29677
29873
29876
29932
29962
30067
30476
30480
30506
30694
30763
30916
31003
31194
31210
31260
31494
31681
31698
31703
31784
31818
31911
32055
32299
32632
32645
32646
32720
32736
32778
33102
33134
33372
33455
33742
33927
34136
34242
34413
34455
34659
34707
34953
35105
35171
35452
35494
35538
35654
35726
35850
35999
36109
36222
36410
36412
36448
36634
36643
36792
36859
37001
37100
37400
37438
37731
37790
37816
37861
37948
37998
38099
38357
38386
38392
38397
38541
38601
38679
38745
38834
38879
38910
39123
39257
39279
39323
39354
39543
39574
39593
39613
39637
39650
39676
39768
39772
39830
40005
40202
40224
40289
40425
40459
40465
40487
40692
40749
40846
41013
41146
41175
41235
41260
41299
41395
41452
41501
41610
41635
41658
41702
41737
42065
42085
42113
42272
42316
42633
42701
42770
42834
42987
43088
43209
43238
43400
43610
43661
43711
43828
43996
44058
44095
44136
44312
44604
44611
44757
44768
44885
44898
44953
44988
45089
45103
45199
45413
45497
45548
45952
46005
46007
46088
46107
46448
46461
46527
46617
46969
47088
47335
47412
47626
47823
48036
48043
48074
48116
48239
48292
48325
48426
48609
48610
48633
48788
48911
49024
49035
49073
49147
49303
49331
49562
49687
49806
49811
49998
50055
50192
50193
50230
50250
50644
50760
50845
50891
51015
51343
51418
51516
51523
51653
51655
51786
52031
52086
52186
52213
52217
52287
52291
52323
52353
52474
52590
52635
52665
52770
52783
52822
52848
52911
52911
52918
52982
53099
53196
53236
53455
53643
53665
53756
53790
53831
53882
53963
53994
54066
54128
54149
54330
54357
54362
54510
54676
54689
54711
54727
54767
54768
54772
54782
54798
54832
55027
55274
55300
55325
55562
55581
55686
55810
55878
55948
56060
56097
56139
56270
56524
56537
56644
56811
56831
57013
57076
57093
57179
57183
57240
57273
57474
57825
57986
58075
58391
58461
58501
58541
58547
58665
58973
58989
59043
59164
59192
59265
59556
59561
59567
59693
59742
60041
60286
60310
60511
60610
60928
61026
61128
61316
61520
62251
62383
62409
62461
62491
62600
62727
62860
62902
63059
63096
63206
63206
63265
63301
63330
63473
63482
63502
63582
63613
63618
63642
63672
63750
63796
63996
64042
64062
64188
64291
64367
64400
64441
64562
64960
64975
65051
65099
65113
65118
65281
65283
65327
65527
65637
65777
65830
65897
66006
66059
66131
66225
66228
66250
66254
66345
66366
66445
66642
66732
66884
66987
67137
67179
67297
67399
67464
67626
67655
67796
67882
67885
68005
68034
68089
68155
68580
68605
68758
68813
69251
69312
69328
69516
69526
69527
69529
69569
69782
69804
70025
70065
70071
70080
70182
70572
70721
70732
70754
70784
71222
71345
71361
71542
71585
71606
71676
71690
71915
72019
72504
72574
72874
72997
73177
73186
73393
73413
73489
73552
73586
73607
73655
73831
74002
74032
74044
74089
74174
74286
74351
74477
74502
74609
74810
74875
74906
75183
75205
75384
75447
75871
75918
75951
75953
76089
76281
76304
76374
76593
76594
76709
76781
76870
77049
77051
77229
77278
77383
77565
77592
77613
77807
77987
78051
78065
78320
78394
78404
78800
78863
78919
78947
79226
79356
79385
79410
79441
79634
79636
79649
79843
79847
80142
80282
80342
80391
80569
80768
80832
80898
81006
81039
81098
81115
81165
81204
81543
81673
81673
81683
81860
81946
81953
82129
82201
82422
82432
82592
82640
82684
82701
82772
82930
83017
83035
83039
83069
83163
83226
83239
83422
83486
83529
83532
83625
83641
83663
83899
84082
84116
84120
84187
84274
84297
84339
84603
84680
84687
84788
85096
85192
85396
85547
85596
85632
85691
85903
85932
85962
86348
86370
86382
86395
86403
86491
86604
86625
86665
86700
86775
86835
86858
86920
86925
86945
86995
87126
87339
87438
87454
87481
87517
87532
87578
87646
87792
87855
87906
88301
88458
88652
88693
88775
88814
88822
88859
88950
89169
89221
89363
89482
89655
89769
89803
89819
89920
89992
90041
90048
90131
90173
90263
90336
90429
90459
90468
90585
90590
90630
90634
90889
91341
91456
91673
91703
91840
91921
91946
92022
92248
92355
92501
92610
92704
92713
92761
93088
93261
93663
93675
93745
94274
94290
94493
94621
94830
94853
94940
95037
95139
95141
95425
95441
95697
95736
95739
95764
95832
95987
96209
96400
96534
96596
96615
96637
96655
96692
96848
96988
97103
97249
97285
97313
97370
97416
97605
97621
97708
97793
97822
97973
97995
98073
98209
98343
98400
98499
99141
99254
99306
99347
99446
99695
99729
99789
99796
99843
99910
100020
100293
100521
100546
100549
100722
101103
101119
101138
101255
101348
101593
101653
101696
101748
101824
102030
102128
102377
102570
102604
103113
103134
103222
103682
103779
103895
103932
104173
104259
104423
104459
104526
104570
104589
104709
104911
104944
104965
104969
104999
105066
105070
105074
105545
105760
105979
106087
106104
106255
106394
106643
106685
106716
106722
106727
106779
106856
106910
106945
107018
107099
107189
107426
107515
107540
107621
107714
107833
107877
108130
108198
108202
108269
108285
108298
108409
108411
108442
108481
108493
108620
108635
108808
108860
109012
109071
109156
109492
109608
109686
109698
109710
109756
110080
110224
110268
110272
110376
110418
110484
110616
110799
110915
111172
111234
111437
111515
111521
111590
111599
111600
111618
111870
111972
112013
112057
112060
112453
112487
112537
112599
112749
112913
112953
113159
113448
113634
113645
113715
113946
113994
114007
114164
114269
114339
114509
114632
114729
114800
114830
115034
115065
115205
115248
115249
115448
115458
115538
115544
115544
115547
115600
115624
115663
115774
115817
115864
116066
116070
116196
116286
116319
116323
116354
116589
116643
116721
116744
116795
116805
116895
116952
117011
117013
117309
117328
117337
117426
117530
117581
117741
117790
118134
118172
118364
118407
118602
118697
118852
118900
118910
118991
119101
119329
119352
119379
119410
119413
119536
119586
119596
119600
119777
119887
119933
119971
120195
120219
120279
120434
120623
120714
120741
120765
120775
121113
121297
121357
121481
121532
121649
121658
121712
121750
121759
121781
121893
121929
122105
122121
122361
122937
122953
122959
123073
123261
123383
123399
123402
123449
123527
123660
123956
124066
124096
124139
124200
124220
124231
124244
124395
124497
124578
124805
124835
124894
125341
125354
125404
125526
125534
125577
125736
125747
125770
125913
126184
126186
126190
126234
126240
126305
126356
126367
126492
126568
126658
126689
126732
126771
126822
127149
127229
127246
127337
127352
127379
127396
127410
127510
127594
127946
127960
128249
128363
128906
129031
129082
129243
129299
129506
129543
129784
129899
130112
130122
130203
130257
130258
130475
130540
130784
130788
130901
130907
130995
131019
131491
131662
131748
131909
131919
131936
132059
132074
132121
132226
132237
132317
132380
132432
132468
132601
132750
132913
133321
133333
133459
133550
133826
133828
133845
133955
134220
134267
134288
134390
134441
134459
134551
134559
134571
134670
134842
134908
134941
135096
135270
135331
135375
135756
135785
135854
135862
136104
136155
136228
136241
136354
136491
136735
136752
136820
137148
137392
137441
137797
137856
137915
137976
138030
138124
138133
138190
138230
138262
138380
138765
138775
138806
138812
139018
139148
139215
139313
139372
139670
140049
140415
140454
140460
140465
140542
140601
140855
140914
141043
141139
141296
141393
141425
141480
141574
141749
141750
141756
141820
142061
142069
142204
142303
142537
142632
142638
142810
142812
142916
143113
143336
143344
143346
143518
143585
143654
143880
144039
144049
144113
144245
144378
144382
144395
144415
144482
144688
144781
145040
145059
145548
145558
145632
145863
146115
146119
146169
146266
146272
146303
146338
146338
146506
146559
146574
146790
146961
147016
147072
147106
147154
147377
147470
147534
147605
147617
147744
147781
148017
148068
148169
148198
148228
148248
148398
148511
148667
148691
148888
148932
149015
149080
149124
149133
149141
149397
149440
149474
149505
149629
149638
149641
149773
149871
150056
150245
150284
150287
150360
150363
150417
150492
150519
150610
150946
151038
151131
151185
151415
151481
151532
151534
151549
151787
151812
151834
151933
151936
152026
152099
152115
152323
152327
152562
152655
152750
152872
152960
153150
153173
153190
153219
153273
153601
153639
153671
153743
153914
153923
154110
154110
154118
154402
154420
154586
154691
154801
154865
154949
155074
155285
155331
155360
155536
155672
155688
155961
155963
156098
156188
156306
156322
156367
156938
156982
157276
157288
157378
157468
157497
158054
158185
158319
158326
158347
158392
158511
158566
158739
159034
159125
159531
159567
159604
159705
159717
159789
159862
159884
159929
159960
160164
160263
160282
160301
160554
160585
160635
160752
160777
160835
160937
160974
161122
161205
161353
161468
161582
161757
161944
161982
162170
162240
162240
162341
162364
162404
162639
162679
162847
162986
163069
163081
163096
163294
163358
163461
163596
163912
163931
163999
164006
164082
164126
164140
164358
164407
164494
164606
164820
164944
165044
165092
165242
165499
165655
165695
165788
165812
165964
166136
166178
166305
166365
166396
166532
166541
166573
166662
166683
166759
166865
167062
167082
167094
167204
167244
167416
167588
167810
167952
168101
168147
168188
168257
168385
168437
168522
168713
168721
168819
168832
169130
169148
169207
169341
169354
169505
169530
169538
169571
169577
169601
169775
169827
170010
170830
170923
170960
170982
171257
171268
171317
171322
171342
171501
171691
171721
171811
171869
171897
172041
172206
172217
172242
172349
172497
172536
172879
172939
173055
173077
173081
173205
173297
173493
173508
173619
173634
173779
173882
174076
174092
174112
174162
174282
174319
174386
174643
174943
175109
175380
175458
175694
175760
175839
175901
175961
175964
175994
175994
176243
176391
176398
176520
176641
176733
177099
177276
177296
177392
177435
177480
177598
177664
177706
178065
178146
178157
178210
178216
178225
178227
178391
178414
178423
178576
178659
178700
178732
178795
178812
178822
179137
179196
179208
179300
179413
179438
179487
179656
179670
179752
179996
180014
180017
180101
180159
180167
180441
180458
180505
180581
180752
180782
180875
180896
181003
181076
181156
181353
181487
181591
182045
182073
182118
182239
182428
182451
182484
182555
182584
182645
182780
182871
182896
182927
182953
183070
183075
183087
183293
183312
183313
183670
184025
184097
184115
184484
184538
184700
184900
184984
185046
185047
185076
185145
185406
185469
185706
185764
185841
186126
186361
186464
186555
186618
186691
186719
187097
187215
187342
187756
187761
187832
187883
187973
188079
188088
188112
188326
188338
188482
188623
188673
188758
188921
189082
189169
189180
189557
189649
189707
189718
189925
189964
189993
190008
190040
190200
190406
190683
190736
190791
190920
191031
191078
191111
191212
191216
191316
191392
191814
191867
191876
191990
192085
192132
192147
192149
192246
192265
192333
192370
192386
192399
192411
192678
192689
192743
192828
192832
193271
193370
193418
193508
193611
193627
193757
193938
193949
194001
194062
194072
194097
194135
194292
194327
194327
194395
194457
194588
194731
194752
194941
195034
195110
195187
195279
195386
195537
195597
195605
195745
195763
196096
196222
196283
196650
196684
197028
197074
197083
197431
197441
197483
197557
197612
197700
197734
197795
197828
197962
198137
198153
198182
198417
198620
198742
199060
199194
199262
199629
199673
199685
199837
200199
200233
200299
200466
200680
200703
200959
201063
201131
201186
201291
201300
201398
201401
201646
201698
201710
202021
202029
202175
202189
202291
202301
202548
202876
202897
202898
202987
203028
203057
203105
203404
203642
203719
203728
203809
203811
203840
204017
204139
204172
204236
204343
204641
204802
204871
205023
205194
205405
205875
205971
206000
206169
206178
206190
206310
206311
206560
206618
206711
206815
206892
206909
206937
207133
207150
207157
207180
207265
207308
207391
207395
207543
207570
207685
207706
207735
207748
208065
208271
208311
208420
208547
208552
208677
208737
208815
208852
208880
208908
208989
209151
209407
209415
209551
209561
209602
209794
210055
210115
210231
210259
210354
210430
210683
210705
210763
210768
210898
210976
211008
211033
211057
211298
211338
211405
211444
211725
211890
211911
211961
211974
212056
212252
212262
212365
212441
212447
212499
212534
212670
212694
212737
212837
212914
212997
213455
213457
213677
213886
213928
213958
214001
214003
214146
214271
214312
214459
214511
214530
214543
214779
214816
215187
215295
215445
215606
215778
215825
216023
216069
216080
216125
216228
216546
216609
216701
216728
217254
217402
217408
217433
217490
217493
217612
217838
217864
217912
217998
218143
218253
218418
218424
218508
218545
218643
218653
218679
218862
218862
218983
219023
219118
219188
219506
219564
219572
219736
219755
219826
219867
220028
220042
220072
220173
220344
220384
220494
220790
220853
221124
221146
221275
221325
221399
221406
221591
221728
221766
221780
221789
221842
221940
221999
222234
222418
222436
222550
222682
222715
222788
223032
223109
223426
223453
223605
223611
223634
223740
223747
223772
223779
223804
223882
223895
224031
224289
224441
224551
224758
224819
225145
225422
225766
225871
226101
226206
226488
226540
226614
226874
227144
227163
227227
227394
227481
227537
227736
227805
227938
228056
228061
228075
228259
228632
228697
228718
228910
229072
229271
229314
229431
229459
230143
230483
230498
230668
230853
230866
230920
231120
231334
231868
231948
231967
231994
232205
232241
232284
232364
232525
232532
232594
232652
232669
232742
232849
232880
233034
233138
233201
233279
233297
233415
233427
233512
233513
233582
233698
233876
233922
233986
234154
234182
234189
234320
234464
234501
234506
234563
234623
234909
235022
235147
235242
235289
235359
235469
235567
235675
235989
236143
236216
236527
236705
236807
236863
236910
236929
237067
237151
237152
237273
237383
237550
237563
237771
238212
238469
238499
238512
238573
238639
238712
238896
238953
239071
239094
239133
239197
239202
239255
239441
239611
239739
239789
239925
239930
239966
239988
240088
240141
240221
240428
240579
240750
241017
241273
241295
241298
241373
241409
241465
241539
241583
241765
241879
241924
242082
242147
242495
242528
242846
243271
243317
243356
243493
243626
243659
243737
243775
243889
244073
244181
244210
244283
244321
244322
244335
244413
244422
244478
244588
244611
244629
244753
244776
244799
244911
244989
245028
245264
245279
245325
245368
245452
245462
245543
245615
245652
245655
245698
245819
245854
245979
246125
246237
246455
246458
246645
246680
246684
246739
246857
246925
246947
246947
246996
247189
247251
247290
247323
247331
247360
247372
247515
247937
247950
248112
248190
248259
248398
248550
248642
248806
248903
249008
249012
249038
249065
249115
249149
249173
249231
249413
249541
249544
249546
249650
249740
249764
249860
250042
250046
250049
250061
250074
250087
250175
250178
250187
250288
250295
250579
250666
251065
251074
251128
251236
251398
251536
251588
251931
251969
252078
252216
252265
252277
252317
252333
252395
252561
252563
252640
252687
252729
252750
252811
252991
253119
253147
253169
253330
253509
253518
253612
253662
253732
253782
253810
253979
254054
254064
254271
254420
254483
254489
254628
254738
254824
254890
254918
255005
255143
255198
255222
255281
255294
255428
255551
255574
255643
255646
255687
255769
255897
256419
256432
256564
256598
256698
256896
256975
257007
257030
257174
257293
257298
257318
257380
257740
257770
257821
257870
257944
257963
257999
258537
258561
258603
258616
259062
259192
259240
259254
259331
259573
259645
259684
259725
259779
259831
259932
259938
260090
260254
260364
260368
260394
260685
260881
260961
261107
261207
261228
261347
261373
261437
261440
261477
261565
261635
261744
261807
261810
261954
262050
262086
262099
262133
262162
262178
262409
262421
262550
262823
262854
263180
263312
263349
263399
263605
263770
263816
263918
263976
264083
264252
264445
264460
264466
264509
264521
264613
264646
264694
265050
265275
265598
265632
266028
266189
266212
266322
266722
266800
267007
267318
267385
267412
267565
267843
267844
267869
267936
267964
268178
268255
268340
268465
268576
268598
268620
268654
268822
268825
268843
268877
269075
269193
269228
269258
269269
269382
269436
269494
269526
269651
269655
269844
269940
269988
270171
270219
270263
270287
270317
270408
270435
270477
270568
270641
270677
270786
270811
270821
270922
271005
271225
271233
271614
271918
272012
272077
272465
272520
272618
272659
272738
272806
273169
273235
273430
273446
273839
273849
274064
274130
274244
274308
274379
274576
274776
275262
275525
275787
275917
275979
276037
276136
276168
276193
276245
276258
276293
276506
276698
276699
276751
276790
276877
277594
277624
277850
278294
278389
278440
278470
278603
278691
278786
278790
278814
278882
278883
278888
279134
279198
279248
279293
279359
279414
279584
279663
279916
280235
280451
280467
280504
280541
280587
280688
280720
280836
280946
280956
281068
281078
281128
281227
281512
281676
281730
281773
281900
281914
282000
282048
282052
282288
282516
282616
282648
282804
283107
283423
283436
283607
284003
284105
284277
284394
284441
284798
284855
284893
284985
285032
285044
285079
285137
285214
285290
285329
285375
285381
285497
285591
285604
285608
285876
285992
286073
286247
286449
286471
286601
286642
286789
287091
287130
287139
287347
287367
287473
287877
288038
288211
288213
288252
288436
288475
288490
288504
288702
288762
288926
289299
289305
289363
289530
289697
289724
289792
289890
289988
290066
290152
290267
290285
290321
290398
290424
290573
290617
290720
290820
290930
291103
291586
291613
291791
291998
292017
292093
292164
292200
292301
292544
292642
292773
292834
292971
292989
293020
293134
293180
293221
293252
293288
293402
293443
293477
293618
293720
293723
293769
293796
293850
293893
293937
294180
294213
294243
294278
294451
294539
294712
294727
295153
295352
295413
295698
295839
295848
295855
295863
296150
296176
296208
296426
296583
296830
296982
297002
297089
297205
297284
297354
297429
297514
297631
297663
297723
297887
297922
297976
298131
298134
298161
298175
298202
298229
298368
298531
298609
298749
298762
298949
298961
299159
299161
299169
299173
299264
299282
299364
299459
299506
299512
299553
299756
299762
300027
300142
300668
300710
300831
300857
300916
301032
301042
301218
301350
301474
301495
301562
301716
301768
301855
301882
301914
301978
301981
302099
302287
302343
302393
302516
302615
302756
302884
303302
303317
303487
303522
303535
303778
304021
304224
304421
304435
304655
304682
304683
304820
304864
304879
304880
304893
304894
304900
304961
305057
305060
305067
305203
305275
305401
305583
305810
305846
305928
305978
306018
306082
306172
306231
306322
306384
306493
306595
306630
306837
306919
306965
306998
307069
307183
307284
307341
307442
307546
307574
307632
307645
307718
307754
307789
307867
308032
308229
308238
308310
308318
308538
308641
308664
308729
308835
308856
308953
309001
309165
309293
309314
309363
309409
309600
309663
309835
309955
310058
310097
310403
310405
310484
310567
310620
310667
310784
310838
310865
311013
311023
311057
311148
311281
311304
311445
311568
312430
312624
312637
312646
312662
312691
312788
312806
312938
312972
313003
313119
313171
313252
313280
313469
313614
313672
313672
313704
314061
314184
314238
314268
314336
314489
314529
314580
314589
314639
314659
314665
314852
314862
314955
315056
315083
315146
315559
315614
315622
315853
315998
316113
316142
316270
316331
316955
316987
316993
317032
317142
317152
317202
317214
317250
317505
317547
317560
317670
317733
317777
317899
317906
317977
317998
318007
318089
318196
318264
318479
318545
318550
318697
318800
318965
319066
319144
319232
319330
319388
319593
319619
319624
319729
319789
319800
320138
320186
320187
320472
320475
320481
320510
320566
320612
320621
320803
320892
320899
320944
321139
321326
321487
321559
321565
322038
322118
322212
322271
322313
322578
323122
323206
323274
323375
323427
323581
323753
323754
323757
323785
323852
323884
323910
324186
324213
324323
324423
324457
324667
324673
324848
325013
325095
325338
325481
325654
325682
325742
325765
325906
326097
326109
326137
326391
326419
326707
326751
326807
326867
326925
327368
327383
327387
327412
327493
327545
327721
327766
328071
328181
328216
328408
328465
328587
328628
328631
328935
329060
329125
329145
329155
329230
329250
329467
329561
329652
329856
329871
330007
330024
330047
330214
330285
330394
330469
330484
330587
330621
330669
330670
330771
330853
330948
331023
331037
331236
331419
331480
331600
332265
332273
332459
332474
332763
332830
332913
332936
333105
333109
333410
333555
333690
333934
334055
334228
334241
334374
334381
334443
334553
334805
334950
335086
335342
335395
335436
335619
335786
336061
336067
336460
336461
336479
336553
336580
336644
336749
337185
337201
337304
337410
337595
337688
337688
337820
338185
338214
338217
338301
338361
338389
338408
338565
338599
338707
338723
338897
339015
339153
339157
339166
339222
339286
339320
339559
339757
339963
340149
340153
340179
340241
340378
340423
340439
340545
340569
340617
340637
340694
340729
340799
340929
340962
341060
341083
341096
341133
341150
341150
341250
341395
341410
341562
341777
341908
342127
342145
342266
342278
342291
342352
342500
342530
342601
342707
342780
342793
342899
342995
343040
343120
343382
343557
343675
343683
343784
343884
343912
344020
344095
344352
344358
344546
344620
344640
344773
344930
345028
345062
345110
345246
345254
345508
345572
345668
345683
345908
345934
345970
345994
346047
346235
346298
346310
346701
346795
346845
346890
347062
347078
347147
347516
347663
347664
347715
347999
348701
348821
349211
349267
349532
349590
349595
349802
349896
349987
350077
350098
350116
350153
350223
350234
350291
350310
350364
350570
350636
350778
351310
351321
351326
351403
351440
351498
351584
351662
351669
351937
351949
352317
352331
352380
352634
352808
352892
352909
353147
353157
353178
353182
353308
353310
353352
353378
353484
353510
353588
353657
353666
353777
353790
353816
353830
354121
354165
354260
354303
354543
354627
354800
354933
354952
354969
355041
355147
355354
355434
355445
355651
356145
356271
356348
356396
356436
356556
356656
356837
356910
356936
357117
357196
357228
357264
357384
357449
357552
357770
357947
358017
358191
358259
358318
358365
358377
358380
358420
358444
358483
358586
358660
358691
358758
358886
358920
358998
359129
359328
359454
359752
359817
359968
360016
360055
360156
360159
360299
360302
360477
360496
360560
360572
360752
361215
361432
361461
361490
361558
361624
361768
361792
361822
361949
361991
362031
362069
362343
362373
362437
362486
362524
362558
362601
362603
362617
362627
362790
362998
363031
363071
363175
363288
363351
363616
363644
363657
363733
363778
363974
364031
364891
364937
365186
365243
365565
365696
365703
365788
366074
366077
366276
366354
366379
366384
366412
366473
366499
366505
366522
366540
366761
366887
366919
366927
366983
367149
367210
367331
367568
367597
367704
367761
367767
367774
367923
367950
368117
368214
368235
368385
368441
368466
368521
368625
368861
369022
369063
369323
369372
369442
369538
369593
369632
369868
369881
369939
369986
370039
370247
370381
370486
370503
370862
370937
370965
370974
371056
371087
371173
371192
371380
371450
371507
371566
371636
371783
371886
372156
372286
372348
372417
372521
372706
372734
372868
373077
373123
373152
373279
373433
373501
373509
373524
373631
373691
374164
374178
374187
374529
374582
374730
374822
374877
374937
374961
375008
375070
375097
375346
375366
375645
375668
375735
376062
376079
376080
376087
376128
376328
376439
376640
376680
376759
376765
377079
377306
377343
377408
377484
377526
377705
377733
378106
378167
378238
378310
378313
378321
378548
378686
378811
379060
379267
379273
379338
379362
379377
379463
379585
379665
379775
379848
379947
379963
379967
380026
380051
380095
380210
380227
380319
380391
380411
380483
380689
380887
380939
381052
381073
381108
381138
381403
381429
381637
381656
381689
381711
381784
381840
381863
381971
382133
382161
382193
382306
382357
382495
382519
382528
382759
382779
383174
383213
383338
383462
383570
383646
383692
383700
383711
383920
384046
384107
384178
384316
384439
384605
384697
384733
384822
384912
385104
385571
385604
385623
385687
385844
385887
385931
386017
386122
386145
386185
386230
386269
386290
386296
386321
386518
386731
386811
386882
387094
387108
387215
387543
387590
387677
387736
387823
388078
388120
388231
388509
388568
388568
388704
388822
388946
389365
389379
389432
389443
389487
389493
389829
389896
390025
390076
390247
390354
390679
390811
390847
390910
391029
391227
391253
391413
391591
391642
391833
391885
391914
392186
392310
392373
392457
392475
392888
393414
393426
393462
393589
393880
393974
394058
394113
394174
394178
394276
394286
394383
394389
394413
394564
394645
394680
394752
395007
395037
395082
395195
395210
395258
395278
395498
395611
395827
395851
395965
396305
396350
396364
396538
396966
396968
397230
397281
397911
397917
397921
398028
398101
398150
398268
398321
398553
398713
398886
398899
398911
399123
399228
399240
399436
399438
399515
399555
399743
399819
399945
400355
400595
400632
400803
401111
401325
401355
401394
401413
401808
401824
401905
401995
402004
402017
402095
402167
402243
402296
402441
402480
402743
402769
403014
403331
403432
403595
403747
403767
403877
404035
404053
404066
404589
404616
404733
404734
404891
404904
405184
405255
405262
405324
405326
405586
405774
405888
405895
406061
406125
406205
406304
406317
406678
406786
406806
406968
407236
407343
407422
407450
407635
407827
407873
407942
407954
408080
408106
408152
408256
408305
408431
408547
408586
408683
408863
409164
409184
409228
409263
409513
409604
409769
409783
409799
410002
410013
410017
410397
410504
410597
410631
410676
410838
410855
411032
411053
411200
411274
411355
411622
411778
411856
411865
411961
412022
412130
412224
412224
412254
412441
412477
412493
412538
412542
412551
412610
412689
412704
412805
412871
412986
413240
413241
413352
413496
413710
413853
413861
413863
413900
413993
414032
414283
414297
414342
414401
414441
414460
414484
414548
414658
414843
414850
414962
415008
415130
415284
415539
415550
415607
415767
415874
415963
416263
416400
416439
416567
416570
416573
416669
416680
416772
416788
416850
416919
417495
417657
417704
417742
417785
418048
418055
418151
418337
418376
418467
418574
418592
418598
418646
418901
418999
419000
419089
419240
419256
419296
419339
419452
419612
419705
419804
419834
419836
419854
419947
420068
420315
420341
420386
420716
420816
420835
420955
421184
421235
421235
421247
421255
421295
421331
421424
421739
421777
421787
422064
422079
422792
422810
422845
422897
422989
423252
423494
423496
423596
423655
423809
423886
423895
424002
424238
424458
424461
424513
424816
425106
425247
425316
425395
425552
425814
425991
426075
426151
426173
426218
426299
426398
426463
426553
426786
427154
427252
427328
427486
427537
427573
427592
427678
427804
428069
428088
428230
428356
428385
428435
428725
428730
428812
428869
429092
429125
429146
429182
429304
429371
429374
429438
429544
429718
429841
429907
429932
430117
430180
430255
430323
430412
430514
430749
430751
430774
430830
430988
431346
431348
431594
431638
431680
431701
431797
431804
431823
431838
431891
432060
432104
432193
432238
432340
432546
432567
432677
432746
432826
432957
432970
433008
433230
433305
433412
433422
433691
433745
433830
434184
434321
434612
434636
434645
434727
434851
434882
434910
435040
435339
435397
435411
435546
435559
435664
435813
435830
435848
435906
436032
436081
436092
436156
436284
436532
436583
436596
436731
436832
436841
436994
437017
437140
437169
437327
437345
437502
437517
437571
437592
437613
437648
437714
437719
437876
437994
438080
438142
438226
438450
438643
438681
438748
438796
438890
439189
439302
439334
439449
439578
439593
439665
439730
439774
439861
439991
440002
440044
440189
440192
440239
440421
440626
440739
440766
440815
440895
441042
441115
441144
441188
441385
441574
441697
441823
441934
442064
442169
442203
442276
442378
442427
442493
442531
442569
442759
442871
442974
443010
443023
443095
443146
443205
443334
443510
443535
443579
443867
444042
444081
444180
444471
444531
444545
444626
444662
444792
444916
444962
444990
445105
445189
445230
445369
445443
445952
446072
446127
446137
446159
446318
446636
446637
446753
446772
446795
446863
446900
446993
447212
447240
447249
447434
447833
447881
447930
448140
448272
448305
448412
448424
448628
448688
448797
448895
448987
448988
449061
449232
449307
449325
449409
449469
449593
449709
449815
449906
449917
450084
450140
450249
450359
450461
450552
450554
450603
450610
450697
450755
450778
450788
450864
450942
450966
450995
451138
451167
451214
451232
451250
451272
451329
451486
451542
451699
451736
451746
451949
452110
452117
452251
452455
452474
452486
452635
452667
452782
452917
452976
453062
453114
453157
453388
453484
453572
453679
453729
453856
453878
453887
453913
454025
454113
454207
454246
454269
454299
454320
454540
454632
454784
454906
454978
455001
455157
455159
455163
455319
455330
455432
455445
455680
456350
456420
456457
456470
456505
456554
456755
456854
456861
457110
457179
457244
457264
457343
457582
457631
457639
457643
457717
457918
458076
458168
458269
458497
458510
458680
459112
459181
459214
459358
459440
459525
459546
459684
459968
460084
460194
460216
460226
460280
460407
460431
460518
460564
460834
460919
460969
461056
461245
461329
461462
461471
461481
461906
461918
461939
462027
462048
462065
462264
462284
462485
462513
462522
462541
462696
462807
463046
463140
463141
463146
463462
463512
463533
463719
463896
463900
463918
463974
464167
464187
464208
464276
464372
464444
464464
464857
464918
464970
465023
465104
465304
465566
465691
465933
466087
466090
466103
466135
466160
466162
466166
466198
466324
466931
466953
467005
467006
467114
467135
467195
467273
467391
467392
467421
467615
467646
467723
467805
467826
467902
468049
468134
468139
468352
468407
468536
468593
468744
469078
469249
469256
469406
469537
469541
469546
469550
469681
469703
469939
469982
470048
470125
470191
470424
470475
470490
470777
470830
470848
470861
470878
471020
471164
471218
471316
471553
471663
471812
471859
471875
471907
471936
472035
472294
472388
472441
472724
472883
473399
473512
473513
473619
473684
473694
473711
473838
473939
474162
474557
474669
474747
474824
474948
475114
475145
475206
475409
475611
475663
475903
475912
475974
476025
476035
476139
476317
476319
476384
476396
476433
476522
476590
476627
476672
476763
477005
477029
477092
477132
477322
477499
477531
477557
477627
477673
477711
477801
477821
477852
478244
478244
478248
478253
478819
478988
479125
479175
479326
479360
479414
479421
479556
479560
479648
479707
479822
479832
480143
480326
480697
480718
480926
480926
480991
481036
481049
481116
481281
481351
481395
481412
481471
481784
481907
481943
482094
482228
482269
482354
482459
482528
482529
482566
482567
482713
482746
482795
482830
482838
482903
483028
483111
483111
483135
483190
483217
483345
483596
483655
483663
483664
483669
484429
484433
484459
484485
484494
484635
484719
484934
485027
485030
485093
485113
485122
485213
485274
485325
485369
485403
485420
485486
485553
485787
485891
485918
485924
485972
486103
486137
486296
486325
486363
486382
486753
486878
486902
487005
487053
487119
487159
487177
487450
487534
487560
487608
487615
487797
487854
488012
488060
488123
488289
488291
488307
488453
488623
488635
488922
489049
489091
489181
489225
489293
489461
489560
489838
489997
490073
490160
490164
490221
490298
490470
490561
490584
490661
490887
491048
491169
491195
491198
491222
491291
491296
491383
491469
491495
491511
491516
491671
491907
492197
492213
492222
492332
492369
492400
492431
492486
492527
492712
492727
492860
492874
492985
493062
493162
493201
493254
493508
493584
493691
493846
493886
493952
494051
494163
494354
494536
494549
494584
494649
494664
494665
494790
495035
495035
495136
495231
495250
495259
495310
495461
495513
495532
495582
495585
496090
496392
496468
496616
496801
496872
496927
496972
496995
497153
497212
497402
497438
497695
497854
497895
497921
498009
498068
498129
498140
498324
498462
498584
498652
498684
498772
498778
498827
498899
499060
499077
499295
499321
499580
499885
499952
500054
500075
500244
500344
500441
500551
500858
500882
500915
500980
501048
501139
501179
501263
501355
501361
501386
501619
501680
501878
502011
502115
502164
502250
502527
502606
502915
502985
503007
503042
503052
503115
503238
503288
503430
503471
503479
503553
503568
503655
503798
503892
503916
504006
504043
504213
504250
504347
504367
504429
504613
504749
504916
505014
505024
505033
505045
505205
505306
505330
505392
505562
506063
506170
506310
506482
506540
506714
506895
506948
507090
507268
507311
507342
507396
507559
507673
507674
507685
507685
507906
508013
508275
508281
508509
508589
508750
508758
508815
508874
508903
508994
509132
509172
509200
509262
509267
509363
509399
509596
509605
509606
509678
510030
510146
510279
511056
511312
511336
511377
511398
511779
511847
511915
511954
511980
512207
512207
512224
512331
512506
512571
512745
512823
512951
513066
513248
513276
513491
513715
513715
513723
513807
513817
513933
514028
514100
514144
514222
514224
514378
514457
514520
514554
514629
514737
514755
514894
515173
515226
515266
515309
515313
515361
515369
515919
515996
516541
516610
516649
516801
516833
516911
517017
517082
517091
517199
517381
517415
517468
517473
517577
517597
517955
518092
518199
518411
518676
518777
518798
518837
518852
518893
518929
519183
519194
519334
519341
519406
519441
519477
519598
519653
519799
519904
519954
520060
520445
520474
520525
520633
520873
520974
520983
520985
520998
521044
521083
521268
521270
521365
521526
521571
521688
521761
521790
521797
521880
522179
522229
522292
522400
522437
522558
522608
522639
522725
522749
522900
523259
523330
523407
523525
523625
523833
523862
523897
524002
524014
524086
524140
524193
524229
524318
524397
524457
524498
524771
524846
524897
525082
525109
525118
525238
525272
525435
525497
525590
525604
525754
525805
525810
525816
526025
526038
526066
526125
526145
526171
526175
526223
526315
526318
526440
526536
526582
526738
526744
526821
527159
527205
527319
527351
527481
527568
527614
527705
527710
527712
527800
527817
527949
527980
528078
528278
528303
528492
528539
528552
528559
528683
528727
528753
528799
528928
529010
529339
529341
529551
529656
529697
529936
529939
529967
530002
530321
530379
530389
530440
530549
530706
530829
530899
531035
531037
531048
531074
531076
531198
531239
531249
531266
531581
531623
532104
532181
532315
532322
532330
532359
532611
532611
532766
532810
532879
532934
532958
533002
533256
533284
533517
533531
533658
533982
534013
534136
534345
534379
534454
534638
534684
534711
534843
535067
535236
535337
535656
535671
535779
535900
536298
536468
536522
536598
536738
537104
537157
537218
537276
537429
537504
537609
537683
537744
537822
537885
537942
538113
538228
538230
538276
538296
538381
538392
538611
538785
539070
539100
539132
539161
539278
539314
539319
539348
539396
539450
539524
539692
539876
539956
540021
540069
540099
540142
540189
540191
540305
540328
540366
540388
540565
540589
540757
541338
541630
541716
541773
541782
541802
542127
542168
542176
542219
542227
542266
542276
542345
542605
542618
542639
542655
542670
542736
542791
542806
542904
543060
543099
543119
543384
543419
543429
543446
543543
543588
543596
543646
543722
543755
544029
544053
544123
544147
544363
544387
544964
545099
545100
545113
545116
545127
545154
545301
545309
545339
545348
545399
545451
545474
545531
545731
546209
546336
546752
546823
546871
546934
547064
547124
547349
547486
547523
547537
547538
547602
547685
547740
547900
547996
547998
548187
548203
548320
548346
548362
548402
548727
548808
548822
549092
549097
549195
549217
549258
549295
549333
549368
549397
549417
549587
549659
549723
549736
549818
549897
549944
550049
550081
550888
550909
550934
551345
551421
551432
551498
551532
551802
551931
551940
551978
552214
552321
552363
552497
552640
553150
553221
553304
553642
553860
553927
554038
554150
554216
554225
554427
554567
554800
554818
554846
554908
554997
555134
555151
555206
555446
555466
555474
555572
555746
555859
555915
556427
556470
556557
556627
556661
556962
557181
557351
557451
557812
557865
557925
557979
558017
558318
558369
558427
558465
558510
558598
558628
558775
558807
558884
558894
559081
559150
559162
559239
559308
559607
559672
559803
559817
559870
559900
559901
560021
560057
560529
560582
560605
560721
560724
560752
560976
561075
561338
561398
561608
561641
561823
561856
561911
562166
562210
562374
562499
562584
562595
562615
562893
562962
562996
563199
563295
563368
563382
563387
563500
563656
563666
563717
563834
563869
563906
564070
564150
564617
564659
564734
564826
564992
565001
565041
565216
565266
565431
565808
565818
565824
565828
565858
565926
566059
566125
566371
566405
566502
566520
566567
566588
566872
566950
567229
567294
567408
567548
567586
567586
567702
567703
567887
568003
568113
568131
568212
568370
568408
568519
568734
568758
568790
568805
568885
568936
569101
569243
569255
569275
569321
569442
569527
569541
569546
569562
569681
569796
569991
570007
570303
570446
570454
570475
570544
570587
570616
570659
570782
570788
570837
570927
570971
571003
571031
571128
571193
571205
571319
571390
571513
571564
571580
571588
571641
571654
571722
571725
571756
571834
571898
572396
572399
572426
572503
573114
573225
573289
573390
573510
573537
573630
573678
573709
573758
573872
574050
574158
574180
574251
574267
574308
574396
574483
574513
574616
574865
574956
574990
575002
575501
575516
575558
575709
575758
575807
575830
575843
575885
575955
576003
576064
576164
576296
576551
576583
576786
576898
576920
577321
577327
577552
577598
577721
577849
577955
577959
577959
577966
577998
578322
578333
578372
578526
578544
578545
578630
578700
578828
578850
578920
578923
578955
579110
579216
579264
579305
579308
579568
579624
579819
580030
580108
580219
580245
580262
580320
580328
580357
580387
580459
580510
580549
580598
580841
580964
581027
581129
581222
581484
581539
581857
581880
582134
582148
582266
582282
582534
582586
582677
582776
582938
583128
583216
583322
583338
583460
583476
583501
583661
583824
583983
584148
584271
584408
584537
584656
584774
584895
585086
585100
585196
585214
585349
585422
585694
586169
586408
586415
586558
586705
586774
586822
586919
586928
587022
587209
587247
587316
587317
587352
587478
587500
587600
587823
587840
587849
587927
588129
588268
588765
588803
588901
588907
589055
589143
589499
589682
589761
589860
590043
590096
590141
590193
590226
590489
590494
590533
590578
590583
590731
590745
590844
590942
591139
591291
591489
591500
591547
591560
591638
591692
591826
591873
591986
592154
592299
592397
592420
592496
592588
592592
592611
592611
592619
592705
593019
593170
593185
593235
593297
593363
593469
593509
593629
593831
593874
593897
593905
594069
594077
594480
594488
594590
594594
594642
594852
594873
594955
595029
595106
595280
595338
595578
595588
595716
595763
596006
596087
596136
596295
596430
596503
596735
597090
597173
597432
597619
597677
597694
597854
597874
598275
598318
598337
598357
598359
598559
598648
598667
598861
599084
599085
599239
599253
599444
599457
599520
599638
599661
599700
599781
600082
600182
600448
600463
600494
600522
600623
600995
601042
601060
601086
601359
601400
601407
601435
601457
601771
601772
601840
601856
601955
601980
602033
602036
602047
602202
602211
602373
602586
602742
602824
602991
603153
603361
603458
603717
603758
603769
604140
604301
604339
604470
604624
604695
604720
604724
605070
605116
605185
605403
605446
605469
605599
605623
605630
605693
605723
606081
606197
606224
606287
606446
606672
606757
606820
606840
606842
606868
607115
607149
607337
607552
607688
607739
607861
607873
608083
608168
608531
608570
608587
608684
608726
608812
608908
608924
609016
609221
609524
609541
609609
609639
609741
609822
609866
610110
610337
610437
610622
610693
610745
610793
610928
611164
611200
611495
611778
611801
611903
612204
612224
612368
612675
612711
612732
612793
612878
613044
613072
613129
613138
613173
613186
613294
613317
613388
613403
613610
613700
614033
614051
614061
614067
614630
614745
614751
614949
614980
615035
615099
615118
615132
615274
615308
615322
615450
615814
616196
616325
616336
616342
616569
616569
616607
616741
616888
616929
617047
617052
617165
617194
617349
617353
617500
617627
617869
618129
618227
618334
618358
618536
618641
618751
618860
619109
619183
619330
619434
619541
619561
619567
619776
619783
619847
619902
620189
620222
620809
620846
620866
620929
621002
621035
621054
621107
621165
621169
621222
621255
621319
621322
621418
621482
621584
621603
621735
621795
621853
621897
621938
622036
622210
622352
622553
622604
622769
622784
622972
623133
623232
623251
623308
623470
623552
623973
624014
624075
624091
624118
624183
624262
624307
624379
624434
624572
625058
625229
625757
625929
625981
626106
626240
626471
626588
626631
626658
626735
626808
626846
626860
626911
626961
627043
627417
627452
627734
627840
627848
627956
627978
628016
628021
628659
628679
628755
628879
628887
628946
629062
629068
629080
629124
629158
629227
629320
629409
629443
629671
629855
629900
630030
630050
630133
630153
630255
630273
630409
630436
630472
630645
630849
630901
630910
630923
631143
631162
631252
631347
631352
631376
631488
631686
632027
632032
632052
632154
632200
632238
632307
632519
632526
632541
632600
632794
632908
633018
633325
633434
633502
633519
633738
633953
634125
634145
634208
634286
634317
634353
634736
634775
634797
634896
635060
635092
635150
635152
635411
635460
635669
636000
636338
636620
636797
636853
636903
636952
636988
636995
637035
637461
637531
637663
637801
637806
637901
637935
637941
637980
638089
638103
638244
638266
638471
638542
638646
638662
638858
639069
639099
639345
639504
639537
639579
639589
639763
639829
639916
639923
639937
640009
640239
640308
640357
640373
640424
640464
640468
640500
640675
640683
640692
640958
641055
641081
641100
641105
641318
641399
641403
641439
641805
641974
641978
642141
642177
642320
642467
642548
642585
642599
642725
643324
643381
643488
643495
643497
643580
643830
644035
644194
644222
644419
644624
644657
644733
644833
644846
645109
645323
645633
645731
645790
645845
645975
645987
646073
646094
646179
646286
646308
646617
646801
646828
646890
646893
646917
646919
646954
646963
647039
647166
647309
647532
647588
647617
647647
647702
647808
647857
648021
648077
648232
648331
648414
648503
648565
648570
648690
648703
648725
648728
648810
648920
648922
648978
649065
649181
649248
649410
649426
649426
649553
649624
649790
649878
649885
649933
650055
650119
650182
650199
650208
650282
650467
650612
650675
650899
650924
650955
651095
651121
651275
651382
651671
651679
651679
651688
651737
651764
651884
651973
652042
652236
652350
652536
652579
652637
652758
652970
652992
653237
653276
653380
653386
653487
653531
653872
653881
653995
654053
654058
654068
654071
654075
654367
654433
654593
654599
654666
654707
654815
654828
654895
654927
655051
655067
655187
655252
655581
655767
655863
655895
655999
656270
656286
656313
656330
656352
656388
656469
656524
656734
656908
657041
657054
657066
657194
657262
657610
657773
658051
658078
658104
658242
658300
658440
658499
658617
658628
658714
658908
659005
659179
659334
659420
659460
659637
659721
659777
659813
659822
659890
659934
660328
660447
660470
660650
660786
660875
660998
661008
661020
661054
661331
661368
661416
661418
661436
661453
661508
661525
661605
661667
661715
662095
662102
662204
662341
662469
662523
663013
663052
663085
663102
663199
663219
663348
663489
663822
663850
663883
663920
664042
664205
664455
664513
664753
664883
664893
664942
664971
664974
665106
665227
665268
665376
665459
665528
665565
665601
666123
666334
666344
666478
666710
666837
666882
666998
667030
667084
667416
667629
667691
667834
667846
668034
668078
668154
668457
668579
668825
668828
668864
668927
669045
669197
669210
669237
669406
669414
669636
669647
669907
670039
670351
670451
670670
670685
670877
670962
671081
671156
671190
671225
671332
671428
671433
671452
671529
671807
671919
671989
672204
672280
672393
672562
672631
672720
672739
672770
672784
672869
672882
673030
673113
673284
673322
673364
673381
673437
673439
673485
673548
673575
673677
673954
674004
674086
674134
674266
674278
674386
674718
674953
675001
675018
675280
675478
675553
675570
675705
675822
675830
675858
675952
676024
676035
676101
676323
676501
676548
676711
676792
676856
676964
677064
677073
677074
677097
677397
677428
677469
677577
677716
677752
677838
678027
678058
678201
678484
678551
678576
678609
678703
678769
678822
679153
679155
679199
679396
679536
679712
679772
679957
680059
680066
680133
680161
680238
680307
680628
680659
680811
680877
680897
680956
680962
681024
681042
681116
681130
681149
681227
681326
681499
681545
681696
681755
681826
681910
681923
681983
682351
682385
682470
682670
682756
682977
683128
683191
683214
683238
683355
683382
683431
683442
683748
683758
683832
683842
683902
684025
684171
684254
684308
684359
684377
684597
684671
684715
684838
684862
684872
684934
684942
685020
685085
685188
685205
685221
685517
685542
685654
685700
685854
685901
686000
686026
686285
686293
686534
686668
686699
686743
687578
687628
687778
687800
687839
687880
687967
688010
688058
688067
688399
688527
688595
688680
688915
689010
689100
689115
689178
689289
689361
689456
689500
689514
689570
689618
689782
690019
690035
690123
690159
690228
690267
690299
690326
690332
690409
690417
690457
690464
690501
690502
690628
690634
690656
690657
690755
690767
690775
691009
691045
691177
691305
691361
691375
691521
691541
691655
691750
691766
691768
691982
692099
692132
692142
692262
692380
692440
692703
692749
692920
692943
693026
693116
693236
693254
693299
693341
693368
693373
693478
693647
693823
693842
693876
693953
693994
694108
694431
694520
694653
694694
694760
694838
695181
695312
695477
695480
695501
695770
695852
695862
695903
695930
696023
696032
696062
696185
696194
696260
696286
696629
696829
696980
697106
697225
697304
697323
697339
697356
697446
697501
697512
697522
697544
697598
697611
697762
697860
697915
697922
697963
698156
698193
698419
698473
698586
698622
698685
698715
698979
699007
699154
699237
699570
699601
699604
699833
699960
700069
700075
700203
700204
700375
700464
700503
700596
700604
700941
701299
701407
701743
701890
702022
702118
702320
702542
702617
702620
702684
702695
702706
702758
702773
702822
702852
702986
702994
703006
703346
703502
703680
703763
703788
703995
704020
704160
704176
704256
704322
704546
704696
704705
704814
704820
705043
705119
705131
705163
705198
705259
705394
705424
705587
705635
705745
705820
705994
706052
706109
706234
706243
706263
706399
706426
706457
706459
706476
706494
706595
706747
706807
706836
706904
707118
707192
707277
707562
707684
707879
708108
708377
708383
708449
708459
708497
708679
708683
708754
708762
708795
708981
709538
709587
709615
709748
709901
710199
710256
710428
710476
710500
710841
710990
711010
711116
711270
711318
711336
711392
711406
711550
711775
711828
711931
712255
712356
712388
712435
712658
712941
713016
713160
713215
713415
713415
713590
713784
713834
713881
714141
714159
714297
714584
714897
714944
715215
715228
715234
715244
715265
715356
715431
715646
715832
715852
715877
716010
716114
716347
716417
716508
716652
716730
716905
716924
717157
717282
717285
717417
717511
717892
717929
718025
718061
718107
718204
718316
718705
718809
718929
719172
719493
719503
719509
719517
719550
719595
719696
719733
719808
720050
720282
720427
720524
720816
720931
721270
721399
721407
721517
721545
721552
721642
721779
722032
722078
722204
722325
722473
722489
722585
722616
722707
723032
723147
723201
723224
723229
723303
723456
723620
723911
723981
724339
724792
724904
724968
725011
725179
725227
725249
725553
725553
725641
725759
725893
725905
725913
725960
726046
726092
726120
726399
726421
726510
726510
726535
726649
726709
726771
726800
726858
726918
726995
727030
727043
727107
727390
727635
727774
727878
728150
728188
728257
728366
728548
728768
728787
728793
728827
728870
729030
729072
729090
729139
729206
729384
729389
729536
729791
729791
729821
730102
730119
730149
730259
730311
730404
730420
730602
730620
730731
730987
731000
731004
731036
731105
731107
731290
731579
731976
732043
732207
732213
732297
732440
732470
732569
732695
732712
732844
732871
733104
733148
733261
733345
733397
733412
733505
733508
733536
733542
733577
733855
734116
734162
734256
734289
734443
734461
734462
734511
734517
734523
734557
734641
734790
734919
734960
735182
735249
735453
735486
735542
735614
735696
735839
735846
735933
736061
736111
736112
736259
736472
736786
736810
736903
737215
737358
737462
738324
738366
738376
738522
738677
738694
738780
738792
738908
738937
738999
739062
739182
739191
739248
739463
739601
739618
739930
739967
740143
740195
740323
740405
740438
740489
740539
741044
741064
741105
741159
741207
741344
741387
741418
741491
741659
741681
741974
742201
742411
742621
742637
742680
742713
742861
743006
743058
743071
743211
743421
743487
743564
743592
743679
743693
743731
743835
743915
743968
744084
744131
744182
744206
744284
744421
744495
744606
744755
744806
744871
744912
745023
745114
745153
745254
745319
745439
745447
745460
745644
745778
745820
745860
745884
745886
745892
745895
745961
746049
746076
746129
746292
746340
746368
746536
746575
746725
746792
746814
746953
747105
747191
747240
747259
747381
747415
747545
747578
747620
747803
748051
748127
748313
748485
748548
748567
748739
748921
748936
748969
748991
749007
749072
749093
749125
749252
749457
749682
749715
749753
749795
749887
750098
750099
750172
750197
750229
750414
750593
750686
750707
750782
750907
750968
751037
751086
751190
751474
751478
751527
751537
751677
751680
751739
752040
752102
752128
752236
752334
752493
752594
752616
752627
752682
752874
752885
752934
753091
753348
753645
753781
753871
753891
753919
754020
754054
754201
754471
754490
754499
754702
754814
755072
755077
755150
755239
755329
755459
755490
755525
755583
755634
755648
755828
755837
755901
756040
756148
756470
756509
756539
756646
756758
757057
757164
757205
757293
757294
757349
757352
757381
757434
757444
757471
757517
757548
757591
757700
758023
758129
758373
758535
758670
758762
758889
758920
758942
758955
758983
759022
759074
759133
759299
759327
759485
759873
760316
760351
760380
760402
760487
760591
760668
760671
760761
760770
760876
761154
761242
761300
761386
761595
761820
761976
761989
762338
762408
762439
762513
762853
762926
763000
763354
763455
763456
763461
763491
763567
763783
763798
763818
763833
763935
764148
764301
764318
764521
764631
764664
764865
764967
765089
765091
765111
765259
765415
765521
766135
766139
766227
766310
766314
766377
766423
766855
767012
767141
767183
767218
767338
767425
767451
767558
767607
767616
767752
767782
767783
767969
768002
768161
768196
768204
768555
768597
768877
768906
769197
769292
769335
769416
769452
769461
769498
769535
769546
769562
769641
769695
769713
769734
769829
769831
769831
769952
770154
770354
770515
770598
770679
770704
770706
770819
770862
770913
770936
771008
771011
771191
771422
771466
771563
771648
771656
771685
771747
771764
771864
772065
772285
772331
772620
772657
772665
772706
772814
772818
772850
772955
772965
773361
773448
773551
773659
774117
774327
774425
774454
774533
774592
774604
774692
774694
774800
774913
775048
775168
775171
775394
775512
775748
775815
775824
776088
776106
776186
776266
776356
776425
776596
776702
776787
777124
777243
777304
777315
777410
777562
777602
777632
777827
777845
777899
777932
777942
777979
778037
778051
778081
778207
778489
778565
778583
778630
778801
778937
779284
779345
779398
779399
779436
779460
779530
779555
779585
779639
779711
779740
779921
779928
780004
780069
780089
780312
780366
780368
780545
780646
780675
780788
780828
780903
781077
781110
781249
781464
781793
781941
781955
781965
781966
781976
781977
782138
782216
782371
782423
782433
782547
782613
782680
782843
782892
782922
782993
782995
783259
783484
783527
783632
783700
783755
783871
783927
784033
784040
784087
784122
784283
784371
784444
784734
784781
784793
784883
784942
784953
785013
785063
785586
785615
785749
785782
785803
785833
785903
785974
786008
786181
786273
786331
786427
786607
786729
786793
786795
786848
786926
786955
786983
787048
787049
787101
787108
787250
787325
787537
787589
787642
788078
788099
788336
788344
788410
788498
788622
788693
789217
789404
789407
789559
789596
789771
789783
789801
790025
790157
790222
790287
790333
790341
790371
790506
790573
790632
790662
790822
790843
790932
791034
791258
791338
791505
791636
791801
791927
791935
792063
792201
792289
792321
792539
792838
793229
793275
793295
793401
793482
793670
793852
793852
793978
794144
794149
794257
794264
794515
794562
794566
794596
794631
794640
794775
794952
795010
795079
795165
795185
795271
795316
795317
795383
795585
795656
795691
795697
795736
795779
795829
795925
796356
796447
796503
796637
796992
797078
797118
797143
797237
797256
797424
797538
797825
797872
798037
798072
798130
798177
798347
798351
798424
798661
798834
798890
798961
799036
799159
799266
799328
799395
799402
799677
799700
799764
799820
799957
800248
800292
800334
800558
800680
800774
800927
801246
801368
801511
801602
801629
802066
802078
802153
802337
802337
802551
802603
802682
802804
802889
803051
803397
803418
803529
803704
803957
803970
804053
804079
804124
804169
804392
804425
804611
804652
804730
804816
804820
805018
805095
805197
805508
805543
805666
805744
805864
805879
805900
806097
806138
806236
806314
806337
806471
806660
806661
806676
806748
806923
807085
807466
807499
807714
807719
807881
807983
808128
808221
808248
808367
808427
808485
808522
808597
808684
808779
808947
808998
808998
809070
809076
809140
809327
809386
809414
809505
809603
809733
809852
809914
809987
810067
810079
810119
810156
810237
810351
810358
810480
810620
810819
810883
810907
811151
811208
811380
811438
811564
811766
811956
812008
812069
812201
812492
812834
812863
812927
813378
813479
813562
813589
813591
813604
813678
813687
813846
813929
814346
814355
814672
814711
814823
814891
814937
814953
814999
815065
815212
815244
815382
815434
815449
815461
815607
815710
815818
815919
816089
816161
816252
816576
816746
816771
816792
817051
817114
817269
817315
817383
817429
817496
817625
817762
817828
817837
817882
818070
818100
818164
818185
818218
818252
818305
818388
818447
818651
818707
818909
819224
819378
819386
819473
819516
819523
819692
819742
819767
819876
819883
819949
820235
820416
820464
820540
820578
820638
820693
820854
820969
820996
821078
821084
821147
821148
821222
821342
821386
821665
821709
821828
821900
821912
821948
822369
822398
822559
822569
822836
822851
823527
823698
824022
824087
824245
824264
824302
824408
824543
824618
824725
824740
824842
824896
825005
825058
825275
825309
825390
825408
825451
825459
825487
825607
825627
825782
825818
825850
825873
825918
826076
826269
826289
826358
826418
826428
826442
826527
826650
826699
826771
826852
826854
826987
826994
827068
827084
827308
827474
827481
827656
827702
827771
828017
828038
828095
828542
828682
828736
828767
828847
828938
829042
829090
829118
829155
829209
829515
829561
829581
829645
829674
829682
829759
829771
829811
829900
829912
829988
830403
830519
830573
830675
830704
830717
830730
830986
831037
831092
831293
831370
831438
831868
831926
832103
832183
832195
832672
832697
832708
832840
832868
832888
832889
833095
833131
833176
833485
833796
833867
834089
834105
834245
834431
834541
834558
834651
834663
834688
834770
834971
835087
835147
835271
835469
835493
835693
835868
835878
835905
836267
836275
836336
836346
836373
836642
836644
836679
836967
837104
837136
837289
837384
837510
837525
837741
837935
837958
838077
838287
838309
838490
838628
838667
838770
838771
838787
838860
838911
838929
839012
839053
839134
839160
839183
839205
839401
839405
839423
839424
839641
839719
839782
840220
840302
840368
840658
840665
840741
840876
840882
840931
841022
841025
841230
841543
841581
841699
842019
842248
842398
842474
842604
842668
842669
842876
842929
842973
842978
842983
843036
843058
843578
843609
843817
843914
843958
844105
844203
844413
844449
844575
845022
845123
845152
845520
845698
845861
845876
845930
846056
846131
846171
846199
846236
846348
846364
846405
846433
846471
846553
846570
846890
846913
846982
846999
847071
847398
847672
847695
847751
847807
847891
847915
848438
848611
848720
848762
848806
849043
849071
849079
849254
849347
849355
849395
849448
849514
849627
849717
849793
849869
849896
849916
849990
849992
850093
850126
850167
850323
850803
850863
850921
851001
851008
851109
851361
851662
851958
852042
852048
852076
852077
852119
852477
852509
852548
852710
853018
853395
853614
853620
853644
853803
853808
853839
853842
853909
854068
854189
854472
854504
854640
854656
854739
854855
854855
854866
855122
855144
855153
855263
855286
855296
855372
855422
855543
855638
855714
855863
855944
856146
856216
856595
856629
856716
856838
856912
856940
856943
856959
856961
857049
857119
857307
857476
857490
857594
857747
857773
857861
857976
858010
858762
858770
858793
858797
858965
859083
859278
859477
859565
859626
859641
859642
859922
859985
860090
860254
860295
860303
860361
860507
860634
860772
860807
860911
860976
861014
861106
861112
861113
861265
861397
861566
861603
861727
861759
861911
861966
861980
861985
862114
862369
862469
862627
862650
862778
862831
862855
862896
862922
863014
863030
863185
863202
863237
863284
863337
863392
863440
863460
863460
863509
863702
863706
863865
864300
864449
864480
864497
864515
864585
864638
864889
864904
864928
865126
865147
865229
865268
865284
865451
865520
865539
865550
865633
865718
865722
865983
865984
865998
866052
866239
866325
866641
866844
866869
867056
867062
867361
867408
867579
867612
867680
867758
867803
867811
867899
867901
867915
868119
868150
868215
868216
868451
868555
868633
868669
868880
868916
869334
869690
869755
869790
869879
869931
870189
870344
870420
870564
870582
870647
870793
870807
870871
870923
870953
870955
871189
871304
871324
871361
871460
871480
871486
871797
871803
871891
871965
871973
872218
872393
872539
872592
872613
872620
872711
872713
872752
872854
872947
872959
873026
873096
873394
873427
873466
873601
873638
873668
873706
873752
873803
873860
873886
873988
874076
874080
874151
874547
874555
874668
874774
875011
875064
875110
875156
875173
875280
875453
875872
875911
875967
875976
876004
876097
876099
876110
876118
876160
876293
876439
876547
876566
876888
877094
877111
877294
877473
877572
877629
877970
878033
878090
878256
878339
878399
878406
878529
878644
878944
878955
879020
879090
879112
879112
879287
879601
879826
879933
879958
880107
880259
880549
880631
880693
880993
881030
881115
881123
881216
881235
881248
881255
881339
881460
881587
881661
881690
881721
881950
881960
882069
882305
882351
882462
882893
883026
883048
883137
883157
883390
883406
883417
883926
883962
884040
884137
884194
884371
884478
884486
884869
885014
885040
885200
885309
885415
885496
885553
885609
885612
885710
885818
885845
885956
885995
886043
886082
886383
886415
886484
886561
887147
887403
887421
887659
887691
887822
887927
887972
888021
888338
888376
888420
888503
888544
888559
888579
888740
888912
888969
888978
889090
889259
889290
889300
889584
889590
889616
889696
890210
890211
890259
890350
890372
890416
890782
890789
890852
890963
890995
891007
891386
891420
891449
891485
891576
891711
891734
891798
892099
892185
892679
892726
892825
892991
893232
893447
893546
893643
893681
893804
893943
894052
894062
894339
894552
894929
895042
895106
895310
895377
895516
895550
895578
895605
895759
895788
896057
896114
896319
896475
896661
896771
897062
897071
897097
897247
897282
897317
897353
897599
897895
897933
897965
898197
898265
898367
898513
898639
898743
898764
898882
898893
899065
899068
899245
899296
899460
899655
899796
899961
899992
900106
900165
900264
900303
900367
900488
900551
900557
900637
900648
900746
901168
901179
901253
901304
901324
901587
901697
901846
901884
901974
902000
902037
902104
902463
902590
902846
902853
903172
903177
903214
903464
903513
903521
903527
903617
904253
904294
904307
904560
904600
904893
904979
905015
905072
905153
905187
905231
905446
905599
905599
905774
906013
906115
906165
906179
906262
906340
906494
906805
906949
907002
907020
907032
907079
907169
907204
907223
907265
907427
907471
907481
907730
907809
907856
907903
907963
907970
907978
908123
908127
908142
908167
908229
908324
908515
908550
908967
908985
909102
909148
909380
909435
909569
909571
909694
909736
909774
909863
909912
909972
910071
910137
910253
910521
910532
910824
910846
910853
910921
910975
911017
911060
911094
911159
911320
911359
911649
911679
911686
911695
911740
911788
912197
912263
912288
912292
912356
912471
912488
912494
912521
912593
912780
912816
912911
912921
912931
912971
912986
912992
913036
913375
913572
913747
913942
914093
914373
914400
914437
914684
914691
914695
914774
914820
914919
915061
915207
915227
915359
915363
915406
915530
915653
915735
915810
916051
916107
916110
916121
916137
916151
916289
916350
916460
916466
916533
916604
916760
916832
916843
916866
916891
917018
917022
917031
917058
917165
917212
917499
917568
917656
917744
917842
917885
917911
917947
918104
918109
918139
918167
918172
918356
918391
918540
918576
918672
918716
919194
919242
919850
920012
920177
920190
920317
920333
920426
920954
921006
921013
921084
921150
921477
921520
921625
921663
921706
921735
921859
922083
922157
922180
922241
922383
922488
922537
922544
922600
922731
923075
923088
923089
923108
923188
923318
923332
923477
923601
923674
923841
923930
923958
924262
924273
924353
924913
924919
925019
925342
925498
925558
925723
925739
925741
925787
925996
926054
926407
926422
926548
926811
926855
927019
927230
927307
927370
927417
927559
927613
927653
927704
927882
927908
927923
928114
928237
928305
928361
928376
928386
928468
928557
928580
928632
928675
928675
928859
928918
929023
929074
929238
929341
929497
929530
929571
929631
929681
929727
929737
929796
929895
930006
930268
930304
930331
930393
930618
930631
930797
931010
931121
931228
931286
931312
931527
931577
931620
931817
931949
931960
931991
932012
932240
932332
932355
932427
932493
932785
932898
933285
933303
933328
933410
933438
933463
933499
933519
933636
933777
933794
933987
933997
934068
934194
934195
934299
934305
934351
934378
934465
934616
934683
934728
935043
935054
935236
935297
935358
935508
935546
935718
935823
935907
936048
936059
936354
936420
936507
936513
936675
937074
937148
937230
937418
937444
937477
937665
937673
937723
937878
937891
938265
938287
938454
938540
938619
938687
938692
938693
938715
938862
938866
938895
938905
938924
939022
939064
939417
939453
939585
939697
939735
939806
939876
939892
939994
940024
940254
940268
940361
940593
940742
940784
941104
941122
941303
941322
941419
941586
941608
941686
941816
941885
941938
942060
942145
942471
942532
942557
942564
942797
943071
943188
943201
943225
943410
943481
943820
943843
944032
944118
944201
944224
944372
944460
944474
944530
944668
944758
945094
945159
945165
945222
945667
945749
945956
946083
946150
946224
946372
946433
946632
946661
946664
946702
947111
947116
947312
947319
947519
947735
947794
948100
948419
948430
948455
948473
948529
948541
948704
949085
949402
949544
949756
949884
950139
950216
950237
950299
950333
950726
950813
950851
950861
950987
950991
950995
951468
951511
951867
951955
951974
952219
952487
952673
952910
952984
953201
953271
953339
953509
953616
953652
953770
953783
953827
953879
953886
954069
954130
954980
955014
955189
955383
955398
955520
955607
955716
955721
955757
955874
956092
956100
956186
956490
956700
956777
956910
956918
956989
957059
957093
957110
957172
957304
957324
957390
957403
957451
957521
957686
957734
957754
957776
957925
958099
958251
958280
958348
958352
958388
958389
958429
958516
958530
958573
958586
958618
958798
958832
958918
958938
959133
959134
959213
959215
959247
959354
959543
959672
959780
959804
960062
960219
960286
960391
960395
960408
960423
960516
960526
960533
960780
960819
960867
960899
960919
960950
961079
961175
961422
961447
961462
961596
961756
961818
961950
962017
962170
962319
962519
962568
962706
962791
963006
963118
963123
963221
963515
963829
963919
963975
964163
964278
964328
964444
964496
964547
964715
964764
964825
965224
965484
965646
965715
966123
966270
966405
966475
966526
966538
966595
966607
966687
966731
966809
966868
966960
967087
967178
967208
967337
967478
967532
967547
967618
967647
967649
967680
967725
967811
967831
968059
968265
968308
968368
968382
968547
968644
968765
968845
968882
968954
969035
969059
969247
969338
969367
969466
969489
969551
969575
969625
969691
969951
970104
970117
970200
970231
970357
970438
970964
971017
971169
971192
971377
971838
971861
971865
972008
972039
972040
972172
972350
972354
972366
972533
972558
972708
972863
972899
972928
972932
972957
973201
973235
973253
973271
973365
973390
973509
973605
973633
973742
974070
974075
974136
974154
974291
974310
974346
974470
974496
974568
974645
974696
974708
974777
974823
974842
974897
975049
975135
975152
975171
975225
975291
975532
975596
975599
975611
975617
975707
975942
976041
976057
976230
976300
976557
976565
976823
976847
976875
977128
977385
977388
977411
977421
977458
977522
977674
978138
978169
978242
978269
978275
978522
978618
978622
978636
978689
979064
979126
979243
979343
979408
979513
979552
979607
979792
979797
979847
979971
980136
980153
980172
980627
980810
981149
981205
981464
981533
981565
981840
981854
982357
982399
982460
982670
982805
982870
982903
983052
983069
983120
983212
983429
983629
983670
983824
983966
984040
984069
984080
984174
984220
984435
984460
984533
984547
984705
984736
985334
985491
985561
985765
985987
986052
986086
986129
986140
986154
986255
986278
986290
986508
986556
986645
986731
986801
986818
986871
986879
986925
986930
986949
987146
987194
987278
987376
987575
987678
987712
987788
987983
988112
988233
988487
988685
988784
988793
988819
988893
989017
989059
989105
989122
989132
989338
989543
989583
989687
989708
989883
989964
990127
990135
990265
990553
990573
990643
990654
990897
990898
991000
991005
991010
991030
991055
991110
991261
991271
991348
991352
991355
991397
991405
991447
991717
991748
991834
991863
991957
991965
992001
992045
992049
992093
992280
992317
992324
992421
992460
992887
992926
993010
993061
993127
993297
993310
993494
993581
993629
993953
993965
994130
994405
994405
994520
994685
994783
994815
994961
995003
995025
995346
995381
995574
995631
995666
995670
995782
995851
996008
996050
996077
996170
996257
996285
996291
996423
996430
996469
996506
996549
996606
996699
997039
997042
997075
997103
997227
997255
997369
997707
997785
997915
998064
998375
998379
998393
998865
999051
999193
999211
999255
999283
999312
999394
999414
999451
999867
