676378
507704
921785
214484
749381
770026
639607
748482
99196
307757
127669
866307
577068
300730
25587
59159
330741
797429
329697
4918
38065
855845
612926
669980
282891
456193
329886
228771
228979
812906
215754
618801
416503
61514
203339
843082
783684
236304
126614
962518
596654
475202
244739
126287
197992
842629
378362
132388
95371
726847
349134
845434
940412
731649
445700
367623
485126
586297
841425
730556
181889
181458
61433
843091
138642
543539
982649
951191
585925
301012
139952
600378
299939
144210
277691
858364
596218
334584
134392
828661
809595
912676
969020
611755
972587
499689
313585
890776
787381
820240
534664
228615
276969
363182
724234
565422
95061
799262
226681
618718
634265
756174
228811
867860
668986
323947
142571
237431
322978
897060
93858
161635
426736
345969
937808
759973
423967
448277
542581
761059
161078
976030
691666
516162
662525
596692
639032
395928
447382
482651
631294
155577
808093
428240
224078
840181
755985
886640
187450
945005
380539
480298
922164
581498
383513
672290
364678
25003
608537
957542
763646
264187
873560
765779
846587
924081
65318
89016
933331
863530
549229
183502
990261
147647
953267
422799
408900
107677
430579
474537
800712
353133
807605
446502
89706
771572
157445
251201
584383
876385
832315
297006
897802
635949
84485
846932
309917
336576
277002
597811
194612
24125
137846
94018
43869
757364
231297
877748
74134
923165
298447
448009
272047
60032
582906
944162
602728
640081
629459
349505
410680
299855
56402
582906
847865
369679
442603
4962
242946
606869
788239
776633
665301
987909
452878
294555
629366
725397
274716
957835
423723
362444
193569
103894
272352
608513
978285
540504
810290
26632
59502
765882
7038
586904
366071
158420
563736
588528
452977
860227
928112
78751
798724
813220
169965
261479
585925
789814
618294
320920
791476
384288
700584
944936
786082
57226
613523
932961
929676
342012
437172
198521
231415
379150
782586
56020
30564
673216
937830
181688
218267
298116
621214
600406
775046
618304
586243
657531
509196
58650
591042
143648
397075
907252
952232
672046
587351
725274
887480
356104
44095
244496
704788
942432
625365
46228
973276
994887
482218
233082
176980
787511
209845
654786
495095
749548
900177
222604
671356
526102
286077
843751
614805
660641
452304
360790
834147
826659
676524
674543
626856
282140
163652
496706
419336
612416
458823
108558
968537
374973
176862
725730
536366
889295
164539
982107
958103
580004
547653
719954
161675
355133
833416
117882
42399
84958
552144
189179
741556
237895
143322
961973
595330
255008
365501
623078
619514
798123
259735
232018
155252
910068
714510
332965
459488
110068
543171
34857
943601
478345
37064
550079
970063
343503
802469
25540
464018
382169
783000
910887
118783
64615
591024
933982
917404
749251
299120
636257
992968
240159
610916
533802
205157
413132
440517
586474
552688
937494
760981
833955
958351
93494
634607
920973
977817
148984
415048
997899
188111
510911
781205
306272
437069
900257
164588
453160
582092
123958
173252
724965
662930
839754
570364
921619
143482
165108
430211
886154
88378
96191
475057
861901
41130
50803
245405
402748
470410
69546
581606
24274
836087
211655
243881
817347
143737
935413
94145
593159
392111
122686
591971
678043
169105
742881
468423
322006
41632
676864
600376
296696
525822
708541
242949
46915
899897
307739
13320
91338
178273
147962
981077
236940
928873
847309
459095
104430
689732
395654
655161
711568
503500
764339
384489
171819
928131
135969
614521
569060
155725
5479
748382
652941
384935
835465
585412
144604
435782
626327
904705
278547
801005
503234
693683
961824
160612
273462
890807
659455
728614
974918
367240
572048
860875
367702
327016
964630
63454
191565
630358
289738
112460
346859
127271
770748
724529
773080
396144
767041
627898
443953
259876
269614
793384
936198
740029
615131
544887
963659
666627
618343
249746
908719
678408
208844
973382
93829
666679
833144
38592
576666
937972
165955
532393
131403
696263
270248
630334
677355
905434
674164
874963
246808
123197
545978
394098
635810
739218
381439
833869
424501
634465
39354
535482
609605
465223
554769
249432
193822
924590
328425
513638
617055
489555
832876
38440
326155
479168
775090
740956
17284
684731
491658
923857
89364
734582
380693
837896
373149
389137
901097
423594
221112
364281
370813
297785
846751
482424
504705
974183
908091
966650
579502
963694
264100
35883
648762
128067
507764
297470
420716
34532
544843
877324
500501
283756
309601
196747
929479
927309
472073
854550
421277
28783
140817
336418
511758
178840
246753
191089
132315
804778
499100
961173
771503
621322
156436
477216
544081
787627
465366
445208
347524
193141
574299
612066
199767
656952
495694
758494
600937
338499
776137
710827
906606
54203
299143
785587
559236
890936
888657
953776
866661
325735
525373
740987
349276
393606
253578
174914
176420
186466
28305
237805
425535
328412
315226
491306
178625
790297
740512
363638
882005
841971
704696
453755
959044
815872
784390
821336
99989
352819
664033
476509
776359
732629
390934
377183
33067
218107
948142
382462
366496
116445
365239
362762
685114
648261
429529
839919
429542
826639
134475
64465
728099
342830
115856
740120
363578
652875
16743
730208
131094
226868
342030
303332
819061
342171
533890
588098
165578
415277
361926
184991
454581
973732
725271
143995
64221
668083
82552
465142
43057
401276
909501
270608
48166
685385
185627
587286
52045
775689
408054
540526
188691
966667
964818
678715
733907
901102
285610
657575
581078
286273
314550
533642
518451
861404
882001
269511
365664
499837
868284
722685
74771
137048
138738
290324
302851
409916
270252
447725
777863
779508
867822
298628
412983
802610
643542
218594
298721
61679
2488
933937
832588
758390
326279
369743
900911
469746
128453
800770
283520
949577
14857
123228
171417
560994
543616
5607
328316
682556
177904
743490
159688
757322
616795
820261
341371
289561
708525
874543
287434
699988
812179
474333
825423
48382
351525
278905
518154
683963
482528
507455
828125
134356
29091
212271
718304
64216
948686
809160
198554
462897
510458
947443
641157
709465
891190
523434
113229
452219
859686
697205
741087
868557
947661
382752
720670
974283
197063
711057
86978
693722
490090
415639
186499
490451
494513
678110
229174
364094
128437
443471
972866
823599
797249
776793
430020
896173
361744
849526
288753
74436
797695
711268
191979
732164
313435
818769
730071
370783
786301
833491
190929
162613
778538
415028
893331
401561
314505
495732
897803
247361
798955
18101
140315
457282
119615
242019
231275
364488
382485
632598
600823
272184
320022
262399
797013
419778
361340
781369
647062
903996
591998
562211
576762
558314
401558
24865
426370
6061
760419
113102
759757
966909
292948
713900
693942
714906
302178
491891
212115
386274
165166
640085
834127
609862
206414
961434
675987
483647
238787
621081
965661
198178
884055
78155
459249
614514
290310
373042
707673
171081
638672
853887
647497
159763
671861
18440
705864
214914
581442
739193
504727
642190
391969
612099
817935
482594
477361
