619109
358660
781
447930
626846
716508
963123
851662
388822
193757
431348
687967
366473
944118
307442
325338
302343
769831
725553
828017
900106
42770
256896
776186
317899
628659
17845
269382
826987
306018
527481
215295
443535
218143
252640
339320
648570
573678
849347
110272
426218
755490
136155
250579
341908
125577
563295
211033
178732
317670
425552
900165
281914
67626
634736
134390
437613
62860
786795
209415
20183
25223
443867
110915
959213
581484
301981
689115
124244
710500
13076
369868
890416
669647
126771
846913
257174
386145
654593
73552
565858
347715
838628
261373
588907
7152
737462
382161
7935
690417
612793
13892
52323
839160
859626
566125
264460
895788
915810
894062
762513
803704
598357
58541
142632
545348
300027
46527
503916
436596
744182
515369
113159
842876
314061
672562
686668
237563
666478
738999
873394
890995
495532
968644
169530
808779
337688
337688
515309
673381
884040
153671
937477
96596
587600
13104
834688
44768
216023
701743
576920
121750
737358
615132
930797
665227
531198
395611
439334
772955
795925
940593
156098
523407
508758
678576
328181
927653
353352
697446
421295
326751
624183
460226
150287
958389
418376
641055
155963
172041
692132
848762
145632
429932
509399
201710
488623
664753
532181
573390
319789
394564
442493
666334
309600
55810
865268
557351
185841
989964
870871
419854
571205
780368
706263
44757
547537
958280
395258
713590
826269
252563
339222
702852
457643
193370
828767
474669
767969
952487
524397
14171
971192
899796
715234
219564
626658
387108
817828
825873
959134
184900
764148
901179
948541
485972
59043
304880
999211
702758
108620
732712
26021
88693
982399
702706
639504
428435
584408
509606
689361
83239
485027
208880
984080
921663
761989
763455
236143
508509
308835
569796
756040
493584
297429
743487
855296
132237
976875
666882
907427
322038
366927
767218
755837
511779
539132
108
140049
139148
414484
528078
954130
49147
978618
999051
981149
519341
517468
320944
416788
849514
250288
871891
528727
524498
419612
423886
221842
766310
738908
842978
536298
991005
940742
20735
352892
943201
809987
711270
619541
167244
728793
376128
404066
789783
539100
449593
553221
212262
480143
463974
963919
986508
749457
409783
685654
335619
943481
162240
710476
595280
280720
183087
498462
761386
671989
534345
69516
619561
407635
642177
467646
473619
340799
708683
48116
295863
319624
117790
653881
892679
858793
437517
862650
621418
407942
596136
488060
281078
698586
363974
507906
36859
338389
386518
507674
243889
677752
448688
759133
792838
684359
159789
953783
986925
630273
694760
494051
672739
493254
623973
898197
61026
355354
142810
989708
549368
453062
631347
104709
410504
520873
134571
413861
285375
460969
20584
598861
942564
463719
120765
370503
282288
93261
647588
1153
568113
708383
48426
395827
251236
395082
564659
85547
824408
255143
49562
366074
449409
655767
306172
830717
357384
578526
462522
912780
141139
651688
84120
267843
925787
839183
567586
719493
23244
324423
855263
984040
350223
65283
149638
822836
79385
448988
342899
632908
508750
337410
86665
883406
900551
143880
106727
240428
885040
213958
514222
613173
452667
746814
166662
561641
261744
789771
921477
533531
616741
872620
853395
516911
104965
132913
529341
980172
639763
880693
522725
218643
216080
16585
201291
816161
669406
336479
37861
539396
529656
114830
668864
571834
373123
46617
449232
306965
331236
592496
10104
104969
770515
339963
812834
828542
317733
634145
648920
933499
482529
831868
249065
705119
686534
346047
944032
876160
295839
133321
821912
863460
855372
639345
29386
133845
11962
926855
432340
960867
916110
652992
909380
587849
105979
423655
463512
202897
687880
329871
846236
490561
307718
317560
141756
52911
867758
37790
640500
6948
233138
250178
263976
135785
485420
332265
476590
264466
951511
629320
109756
665459
401394
63996
141043
283436
749252
266722
270171
733542
620929
336580
693368
104173
362627
898882
825390
52217
118852
991834
362558
654068
399123
926811
36222
808248
379947
798834
486296
477029
550934
812069
491511
343120
764631
527949
176398
750686
581129
660328
995346
573872
325682
405586
496616
473513
999255
574308
511847
481471
957172
249541
381689
447434
872613
991405
454269
340378
647166
435664
891576
573709
571756
878339
677716
19230
792201
431594
390247
488291
361490
32720
52186
369632
831293
405774
942471
688680
359454
115544
455432
123660
944460
413496
285876
202987
583216
683382
306630
547900
278691
935718
14848
398886
851109
315998
118991
246680
149133
120219
59693
143113
956092
803418
711828
550081
50250
440626
658242
817837
897353
211974
524229
276136
16009
56097
676323
249008
385571
962568
912593
232652
764865
90173
567586
178065
898513
352909
281227
625229
56270
180167
169827
810156
71542
860361
532315
79410
836967
869879
189707
615118
832183
789404
161944
938895
573758
505392
218679
482459
925019
5637
716924
697501
928675
318550
521688
580387
329125
52770
855543
452474
115663
589761
629443
838077
1958
207395
59567
931991
928361
692440
64441
278882
786273
197431
768204
671190
798177
663489
569101
916289
49024
194752
839134
549818
497402
221325
257770
811766
917568
520445
161757
917911
956918
609822
240141
110268
681696
191814
185706
327721
900367
733855
757293
846433
239133
578544
421247
541338
548808
754020
149141
1191
597874
647532
920954
674953
517017
460280
384107
73393
53756
337201
338185
889090
321565
324213
852509
23839
152872
415767
630910
642599
483663
91946
63059
15582
473694
809852
439730
726649
705424
648690
914691
416680
743679
470048
223634
83663
524318
60310
188088
760351
959247
326925
428356
668154
842669
223779
764967
455157
741064
247331
495136
393589
285044
25548
983670
394113
726771
832195
432746
560529
498684
996469
255687
409164
698473
394752
774692
973365
970200
114269
824022
858010
249650
580964
370381
840882
634775
631162
695770
358920
41013
417742
65637
955520
970104
870582
867062
934378
526821
245543
232742
873706
223882
802066
303487
571722
477627
134670
239930
542655
377484
2127
559870
164494
690409
804820
145558
181003
124066
290285
748936
737215
892991
941816
745023
110799
358259
450778
471907
901884
496927
451272
993953
759074
306082
396350
912471
881255
819473
40487
554150
235989
525109
807085
617194
571193
224758
9703
455163
553927
63502
643497
329856
251065
412551
212252
149773
501139
915363
826994
233876
545474
706476
655187
632032
729389
172879
116196
31681
318697
920317
451138
597090
829118
678201
413853
55274
184115
602824
112060
149015
29336
468139
608908
703788
197441
662469
257380
663883
293618
630436
124805
458076
577849
765415
923088
575758
808128
543419
563368
538228
751190
990573
270568
429182
545731
63301
144245
839401
875453
140914
924913
973605
667084
829682
355434
953509
119600
264252
211338
31911
307546
304021
341150
887421
214312
806337
734256
466198
549944
673030
954069
249231
197962
794631
504213
994405
115864
633325
360572
371886
86945
380411
179996
50055
573289
121481
923089
43088
75205
498772
829988
641105
330024
784040
970117
998379
809914
727390
54727
197028
469703
284855
996291
808221
384697
889290
429304
83486
429907
709538
305583
358318
299282
681923
449815
487450
403877
531266
464276
486363
603769
146115
809070
683758
529939
64042
41658
671428
976057
377526
272520
560605
830675
148017
470191
106104
87339
226101
498778
334374
544147
320186
87906
323785
696194
645845
626588
21297
879112
308229
475114
604724
567887
199673
261347
773448
17071
946372
756148
907809
879112
865126
301042
476522
377705
57076
256698
271614
549295
769952
950991
115248
815461
38397
238573
914820
767607
99254
235567
236216
672720
546752
353666
822559
217490
80142
583460
187883
169775
487560
879933
759485
458510
293850
338408
846171
982670
454113
4950
520060
769292
102570
241765
119410
892099
852548
893681
83017
524193
396305
491907
972533
557925
680238
861911
149871
918576
255769
206711
614630
711116
629409
23448
505205
647647
147106
469078
110224
964444
747803
593185
828682
899068
147016
887691
422897
611495
916460
519954
241273
268825
708762
528799
402743
358758
873096
946664
768597
40459
554908
99796
824618
559308
568408
975707
657054
984736
659637
774425
270435
341150
70080
95141
684942
190200
991271
192832
675858
579568
458680
15532
587316
31194
606820
633738
159717
132074
632541
84116
705820
439189
668927
761242
784122
594955
353310
144382
746536
451250
700069
494549
437571
463141
569541
637663
618536
681326
999283
791338
2080
643495
55562
366983
782892
395498
90048
198137
54768
825782
301716
848611
630901
484719
82684
230498
992317
166305
404035
695312
507090
209551
933328
703680
740323
599239
747240
1813
391413
350116
690775
539524
849992
680059
571725
607739
991355
142537
429374
161468
419339
442531
950333
846364
853842
515266
227805
366499
106856
232364
563199
342500
450554
410397
254628
369323
121297
179670
178391
846056
314580
210430
8156
852119
852042
493952
812492
871803
677428
485924
803529
125747
640357
197828
567702
948704
134559
782547
236705
814346
343382
217402
513491
527980
783700
637901
416439
588901
956777
173055
974310
850803
723911
330285
938454
802337
522558
481116
621054
351584
352634
211405
108411
34659
210259
904560
283423
758670
390025
83226
716010
24980
381108
145548
38541
279134
766377
463046
201401
206892
604720
716347
472724
872592
750782
789559
806923
740143
966475
818305
687778
966809
177296
764318
68034
321487
842983
789801
263349
888338
439861
679396
466162
123261
170982
204802
929727
52287
294278
627848
86775
122121
317250
132432
880549
477531
868669
217912
37816
934195
776787
928386
905015
202021
882305
644035
483217
18210
540757
720524
313003
180017
632154
532330
693254
571641
120775
343675
486325
565926
808684
497854
380319
526318
464464
557979
953827
732207
78320
53196
459440
24711
38879
356271
536598
797078
516833
829042
726800
580459
726399
259831
480697
159960
50891
929530
319800
553860
590533
32736
509267
302884
41260
577955
57474
741681
699960
96209
868215
690159
661008
730731
690019
212837
769197
165812
891734
649933
373077
183070
83532
608587
199262
512207
559150
138765
490221
500344
340569
387736
533517
498584
132468
309314
952984
424461
812008
108202
591489
709901
449469
650924
354303
841699
974346
132380
446863
667416
342601
144688
602991
499580
964328
522608
386017
591500
340637
40425
413710
837741
963829
656908
416263
191031
583824
451214
750414
779460
454320
556627
234501
692703
986801
600463
632200
317906
291998
245615
475663
108493
503115
116066
86348
686026
519653
13581
878944
95987
178227
379585
725905
281128
654075
971377
915653
29677
594873
847398
807466
726046
780675
298531
136104
100546
799036
261477
148398
827474
558807
680133
154118
533982
148068
275787
989883
608684
62461
799395
795585
995670
640683
524140
472035
456420
390910
619183
273430
801368
121781
150245
377408
371783
913375
778630
812927
36109
60928
751677
180505
184484
627956
442378
463462
433305
410017
739601
194941
338723
290617
494649
939022
469256
233427
610110
559817
275979
506310
37731
941104
587478
527351
754054
971169
206937
819523
749682
847672
272012
917018
84687
957059
243737
881216
798130
947319
549417
996549
223109
212056
405184
518411
341410
879287
564734
749072
985987
31210
445952
651679
735542
151834
448424
800292
983824
454906
798961
544123
148932
85396
916832
900746
146338
996606
26106
527159
780312
591638
609524
888503
754471
237273
593629
669414
376640
668825
867901
473711
240579
549333
958618
466160
496090
218418
511915
337820
274576
81165
777979
869755
369372
132059
531623
560724
941885
805666
74351
460216
10052
805900
730420
230143
131909
927923
437994
463146
997103
868880
598275
764521
305275
251536
975611
849990
257870
827308
323757
856146
660650
974070
568758
844105
969951
450966
855122
746129
654666
464208
310567
204871
73586
56060
922537
69804
904294
854739
835693
124139
67179
542670
105760
895578
935546
760761
570475
867811
988893
464372
305810
270922
725893
767752
239789
444990
838309
163096
560582
176391
50192
13311
993010
86370
479832
243317
767425
809505
521880
567703
700075
159929
125526
467421
604695
252687
159604
670962
837384
601435
796637
317202
274308
54357
574050
205023
885415
576164
891449
366505
117309
497438
46969
489181
223032
665601
200959
532934
813846
74032
183312
883390
503007
263605
683214
46461
921859
603153
367950
770706
334228
378167
25309
116795
221780
212737
258603
326419
99306
44885
547538
145059
795697
293134
166178
558369
146506
949884
519406
152115
285608
5328
68813
606197
979126
409184
382495
59742
697544
581539
601771
389365
812863
680659
207150
847751
539070
299159
299161
3948
912816
49035
822369
144378
92610
3610
464187
136752
468049
849079
540142
633502
861014
886043
857976
640373
349532
817114
298161
484494
332830
366887
308310
938924
773361
435559
683832
207265
648331
969035
19947
948529
356910
8363
171342
947111
159567
627840
112057
861966
197612
680962
597694
781976
626961
244629
318007
497212
241298
399240
751680
83529
723032
93675
798037
200703
861566
78051
182953
421777
381863
759327
158054
276258
89769
693953
38357
486137
143346
392457
244478
242528
929238
262133
928557
19695
802078
290398
988685
538276
859278
24801
117013
171501
74089
766314
163912
127379
466931
418055
549258
698156
203057
558598
938265
15188
796447
306493
694108
500244
695181
749795
106643
944530
163081
528539
319066
2808
547523
692920
300857
490160
747620
167810
358444
630645
869334
706747
803397
269526
958099
900264
222234
23103
634797
17692
486878
518893
9977
916866
763935
751537
611801
418901
549897
814711
885609
638244
284003
596006
225871
894052
250049
629062
904979
261107
254738
624434
991965
799677
461245
206169
718929
586822
95425
150284
752616
833796
526125
782613
376328
395
97822
646801
738366
131748
909435
311057
192828
808998
676501
415008
571003
943225
558017
292017
975617
547996
55948
528552
867408
797118
613388
647309
341777
677073
867915
157378
129543
915735
194097
391253
875872
657066
700941
571588
691982
56524
592154
847915
147534
313119
790506
757294
27506
264083
220384
322313
420816
393880
856943
257298
733508
354933
379665
976565
799402
464857
369063
4577
278883
506895
791034
574251
745439
741974
806138
946150
961950
305928
412871
578372
20436
949756
563869
531074
924273
172939
299364
575516
494163
872393
144395
606868
653386
545399
779555
180101
741344
500915
937723
814891
941419
14643
414342
297354
353830
427592
259192
934465
394174
639069
92713
771191
889590
641978
679153
155360
305203
129899
233698
539161
565266
573225
215778
31698
230920
486902
161205
631488
252317
281900
568212
741387
9013
375097
325654
696829
415874
461918
945667
731976
520525
554567
713834
98209
731004
905187
23201
557812
919850
345683
44136
380887
79356
571654
586919
647808
596430
535900
450864
492985
13775
10712
391885
532104
661605
390076
672393
702994
140465
368385
734162
44604
312972
982460
476396
214816
870564
54066
543646
555915
92704
740438
821084
666344
62902
411274
760876
586558
501878
960408
695862
683842
51015
826852
219867
721270
307284
754201
133826
514629
68758
326137
580841
281773
326807
51343
824896
790222
619776
695930
334553
600623
20596
100020
907204
278814
338599
435411
154110
731105
946083
949402
643324
552497
119352
118134
107189
888579
800558
693026
521797
193271
534711
564826
403432
829155
41452
349987
502606
261207
742713
857119
839053
552640
269228
799700
476763
12481
54711
957686
552363
97285
285079
492712
601457
277624
530549
264613
312430
514028
667629
720050
266028
217408
76593
437592
688067
759299
500980
698419
262409
690502
796503
925741
967208
379338
527710
340694
282648
498129
128249
663920
525604
444081
133955
813479
558318
72874
691375
710841
537683
942557
457639
185076
394680
469550
725641
851001
821148
411865
50644
138806
29932
693299
118364
922600
392186
705259
547685
697356
916533
346890
982357
412224
686000
118697
766855
24606
276751
451949
928632
570927
659334
227938
363031
914684
243271
145040
431891
594642
836275
823527
100722
484635
24981
108808
426398
456457
391833
605070
325906
995381
787108
360055
599638
150056
270287
516649
617047
14009
531076
92022
182484
47412
890211
859642
797825
731579
561398
88458
895605
824842
735696
937673
367210
67796
585349
829515
192386
418574
302099
115205
72504
837525
690228
414441
431823
313469
600448
587247
345246
833095
66131
341083
56831
418999
905153
818707
327368
991110
310484
769562
40202
126190
338301
354260
1703
994130
978275
719733
285497
152323
216228
692749
436583
489838
39354
21396
774117
953271
935823
582148
542345
842248
727878
316331
934068
391591
138030
816771
479125
534136
118602
72574
975291
41737
17327
376079
814953
351321
80282
494665
185406
19852
791927
932355
197557
986290
865984
288475
338217
912197
972039
259062
173634
704322
393426
178210
496801
845123
353484
991863
351669
141820
974075
336461
700604
570782
689178
797256
345572
916604
461939
43400
340423
890852
18826
99729
243775
297089
371087
964715
551940
259573
763000
53455
476672
262099
983212
748127
878955
55878
66228
898893
309409
255428
750707
894552
665565
923477
810351
262086
891711
305067
454632
521790
416400
652970
137148
101748
230853
121893
644657
281512
199629
848806
224031
994685
807881
441115
115547
521526
851008
115249
615099
207308
966607
717511
370974
91840
110376
941303
545116
48043
914774
779345
530379
126689
850921
568805
223804
786983
60286
956100
790157
785063
971861
575830
772331
452110
450552
382306
721407
802551
921013
675018
57240
367704
37438
257963
909912
72019
259932
1405
485891
671529
702684
474557
834431
912263
519334
43610
539348
318089
431804
363644
770862
462513
388120
361461
107515
878529
686699
36643
996077
995025
314852
555474
293252
306322
821342
881235
459968
54362
293443
685188
714897
509172
895310
541773
550909
186691
94274
19101
249149
696185
394178
934299
111600
991447
167082
405888
500551
843036
955607
445369
929074
745892
990643
958918
973390
31260
725011
632794
547998
155285
81953
871189
63206
813591
260961
555151
109156
677577
522229
241583
984547
244322
187761
285604
602047
810819
587823
820578
53963
180581
991000
489293
356656
210354
414843
401111
414032
853620
48036
39123
534638
227394
879601
474824
782993
216546
955716
959804
725227
641100
185469
212670
121532
253119
130995
1966
188623
441144
966123
609639
8536
52213
480718
317214
301855
845022
673437
649426
30480
387543
399438
436731
861112
932427
779585
359968
901168
651671
739182
142916
620846
641805
638266
827481
115544
509605
433745
175994
504916
450610
957754
522437
167204
330771
870923
979971
180896
83069
918672
419947
923601
344352
402167
736112
199837
771422
697522
38392
820638
888740
44988
441042
691045
485325
408683
640308
738522
327766
8782
516801
966405
672784
853909
141393
503553
741044
562166
481049
15928
804124
520985
96400
387677
21467
522900
794775
950861
180159
130784
953616
534684
558894
733577
35452
819692
940361
29333
87792
75953
876547
645975
244989
239611
112913
217433
979513
514554
746792
945165
377733
211725
583983
572399
48325
636853
624572
967647
577966
969551
662204
350778
162240
556661
517199
192743
829759
488307
137856
234154
507396
502527
559672
442064
71222
388078
269494
658104
127510
45548
47088
354543
995003
668078
536468
908229
365565
906165
873427
485274
202301
527712
389443
918139
328587
80342
6748
797538
725179
623308
867612
606081
474948
679155
495582
131936
503430
496995
927
207685
834245
690332
854068
721545
776596
914093
749007
91703
870793
583128
506714
782843
907265
41702
71690
44898
574865
837289
656388
56537
11790
269258
825408
608168
532810
239988
898367
504250
161982
203028
784883
571031
426463
456505
757434
616336
696023
475409
899961
787537
545127
365186
384822
562996
953879
950851
286471
864904
362603
989017
673113
752040
289305
499060
830986
357117
285032
124395
950299
343040
804652
733345
685542
436532
367597
829090
640675
690634
63482
569527
482566
182896
206618
818388
334055
33102
168819
556470
386882
648703
605185
605599
983120
622553
648922
581027
523625
698685
999193
89655
888978
875280
453157
685517
635460
656313
59265
234563
708449
367767
711318
664513
260368
978138
420341
601400
241295
21639
861265
592705
974708
849355
734523
182871
979408
654707
862896
939876
711010
345062
780004
214001
219572
783527
361768
693341
78919
409769
951974
511056
457110
276698
713016
794640
883417
547124
719172
32055
557181
728150
146790
771011
902853
923841
567294
873026
573510
58989
713215
402004
933410
160635
953339
534454
553150
165788
960395
664883
399743
760380
149505
933
372348
78947
5837
897933
948419
76304
503288
933997
577721
416567
279414
403331
206190
626106
313672
396364
53643
54782
524897
682351
314659
863030
955014
179413
955189
456854
666837
383570
567548
51655
340545
480926
613403
781249
862469
296830
429438
430751
282804
443010
97793
279293
169538
900637
794144
527817
111437
365703
216701
644222
16183
910824
523330
515919
414297
600995
370247
126492
939417
542227
26610
166683
521268
442871
544363
114800
419804
616569
566520
690457
599253
743968
99446
418048
779928
153743
213455
907481
232241
41175
441574
664455
875911
624014
195605
572396
292989
86925
342780
499077
768002
126658
221399
5966
342127
180458
206560
308729
880259
323581
509200
485122
565216
90131
684254
683431
441188
944372
893232
598667
768877
63096
751478
53831
5459
18574
244181
826076
952673
297284
292834
241924
219188
997369
756758
191867
336067
530899
777243
406061
539956
860295
411778
731107
136241
54689
310667
331023
409513
917499
421235
169505
258537
308664
534013
27038
211911
482354
518798
658440
172217
65051
903172
371173
630133
744284
234189
430988
75447
537885
280504
168257
483655
810237
117328
663085
715431
422810
587352
386296
323375
905599
771563
696260
562615
904307
543543
14793
577598
331419
193949
129299
793852
65118
881248
934616
809386
797143
800680
597677
94940
339286
863509
175961
92248
661667
529936
900303
429146
592397
153190
146303
166532
253662
258616
220173
915207
383338
432104
64400
372156
469982
187832
117011
637806
454025
349802
49806
685085
246857
964496
368521
652758
584656
80898
177664
318965
975171
358420
223611
369442
97370
434645
175901
103895
738937
92501
407827
224441
690035
883026
987712
267385
142812
412805
558775
81039
745319
972957
358691
960526
366379
895106
320472
870807
204641
261635
592588
911094
334443
182118
519477
1729
374822
854656
942060
618641
727635
243659
526738
650467
163596
777124
908123
793978
888559
659934
745447
941608
80391
514144
163294
955383
931527
783927
438080
116323
738677
850126
150363
801511
372286
102030
182927
568519
144049
424238
215445
655999
613072
374877
491291
412477
684934
352331
329145
211444
439593
343884
335786
620189
280235
912292
983052
108442
565001
227736
209151
677074
422845
161122
120434
509262
908167
519904
824264
47335
501179
911159
197483
684872
373279
88775
538392
453679
599781
987788
487005
395965
897071
827702
784033
187342
599444
220494
185145
292093
108481
324848
188921
423494
180782
385623
808522
790822
280467
207133
735182
428088
651275
179438
448987
287473
937444
792321
233279
763461
290720
616196
555746
438681
155672
764301
972350
55325
955757
203719
371507
49998
391029
627452
253782
834770
443205
166865
151532
639923
299762
113645
897965
535671
69529
988233
841022
830704
14641
622972
150610
912911
422989
769535
896475
236527
581857
715832
817269
937891
406125
239071
889259
712255
882462
986645
31003
482830
215606
33927
715244
560721
960899
138812
260685
988793
753645
235359
21595
658617
423809
695477
831370
698715
301474
501361
579305
702542
890789
386185
691541
905231
489461
592299
886415
114339
392373
956989
699237
114164
854640
704176
379463
75384
940254
6501
906494
404891
482094
3707
294213
663219
535236
982805
134459
703346
983966
815212
532958
917165
491495
227481
783755
876097
879020
939697
623232
291613
398150
437327
83625
968308
896319
831092
576898
570007
591560
97313
835868
217864
876293
469681
777602
11990
540191
149124
172536
283607
408431
929571
681545
178812
136354
171317
299756
476433
986556
939735
470475
528559
834558
173508
375645
755077
312637
723224
167588
758983
736259
392888
513276
115538
761154
608726
865229
885496
534379
849896
425106
153273
135096
685221
739930
450249
793670
495231
101138
806097
374961
344358
125534
828938
376759
127410
235469
910975
228632
287877
463896
498652
869690
265632
580245
288504
387094
806314
805508
376080
117741
442759
591139
941122
514520
962706
986871
499295
350077
875110
401905
382357
51418
323910
531581
476139
484429
814823
254483
193627
398268
605693
521270
206311
813687
595106
590226
872854
98400
373631
715877
605469
129082
991030
372417
593170
435830
760668
127229
624379
748313
555206
839719
366761
497695
701299
487119
462807
397230
634286
844413
993061
490584
69312
258561
63582
675553
156982
248259
120195
157468
927704
239202
862369
286642
492860
933285
141480
249860
203642
824
989543
677469
384316
269075
757517
417495
146169
602036
323753
591986
320899
436156
578850
910521
8640
327545
361991
64562
861113
19278
862831
21484
13824
115774
491383
702118
248642
809414
502164
675952
683191
25725
634353
877111
329250
218862
318800
614067
516610
314268
803051
690656
314489
696286
231994
436284
340241
162847
733412
31784
308318
558465
463140
992926
732297
294539
194001
986930
829561
52353
86604
637801
114729
874774
507268
580108
442974
268598
503568
406806
101255
44953
510030
374178
403767
587022
151185
953886
892185
303778
467805
446795
578700
260394
917744
613610
594069
934728
81204
432238
344930
726421
491048
618358
785586
493162
700203
206909
348701
274244
83641
237383
492222
656524
845698
616607
817429
160282
217612
674134
708679
321326
741159
428812
503238
974897
874547
39593
662095
780828
244283
317977
460919
716114
772818
681227
492369
444792
228056
930304
711392
808947
621002
229314
286247
817882
478819
931620
167062
580030
698622
279198
531249
876566
451232
5745
771008
7817
165092
133828
288211
412441
984435
148198
712388
126822
636995
112487
157497
81673
275525
778565
19789
134267
220790
735453
424002
64188
857476
892726
207391
813378
150946
662341
753781
361792
565041
874668
126732
178157
543429
910071
200466
685700
513248
848720
325765
250074
369538
270408
442569
758955
753919
388946
358191
544029
314639
734517
358365
974645
726535
434184
856940
726995
748969
915227
256419
955874
502915
360752
795656
110484
935508
237152
639829
356396
646917
526744
598359
835905
834105
672280
389487
499952
447240
333109
587927
753891
86700
8724
371056
787589
351403
736472
787642
338214
662523
810620
583661
411200
525118
334241
686285
935054
222715
290820
808597
307645
360156
214003
290930
808427
82129
560976
173619
871486
330394
612711
468593
428069
495259
401808
629158
331480
412493
169130
650119
228718
112453
209407
720427
351949
478253
917212
186719
750593
913747
256432
739191
384046
375366
2010
614949
239197
682977
576296
59164
433412
749753
881950
956186
96637
996699
664974
973253
244073
664893
293720
744912
503479
682756
160263
528683
772665
265275
10247
886082
164126
203811
726709
146266
578920
687839
613186
429371
185764
528303
65099
11618
198153
342291
113715
248398
876099
539314
967618
710199
717417
553642
184700
668034
189557
703006
394389
111972
273446
747191
756470
157276
459546
875967
957734
266322
50230
115448
84788
649790
756539
131662
301978
855944
245028
816746
101103
928918
804169
865718
454246
292200
850167
55686
408152
508903
967478
681910
533256
881123
979552
220072
303522
621322
641399
317142
603458
585086
875976
711406
587209
903617
962017
902000
704020
622769
13706
793229
380939
523833
525805
94290
38386
661331
537822
123527
251588
470777
993297
679957
539692
941586
697963
254824
468407
484459
295153
967680
218545
16664
35726
402296
920012
506063
198182
134288
794149
663013
663822
821828
6610
147781
379377
703502
174319
115034
307574
438796
450359
326707
861603
693478
668828
218983
320803
82432
621255
361558
638089
917656
578923
690628
203728
618751
439665
297631
395037
621482
746340
460084
520983
373509
344546
419089
945749
672204
938862
87578
489560
778937
715265
849395
259684
705198
538296
128363
249764
172206
670351
622210
55027
403747
250295
876439
256564
106087
850093
284277
212914
769452
146119
705163
79441
347663
246947
693994
502250
627734
395210
717157
36410
881721
681826
386230
651095
609741
86382
495035
986129
881690
700375
917031
775748
96534
294727
297663
401325
699007
252216
654828
991717
631376
34455
4004
366077
578955
39676
219118
708754
112953
412130
995782
374187
381711
527205
598559
69569
89169
459684
278888
912921
402769
123449
849071
598337
785615
746575
267565
313614
792063
527800
223740
995574
188482
504006
790632
233582
549097
440421
427154
715646
192132
354627
355041
75918
674718
805543
745884
408586
702320
68155
579110
482713
276877
471553
816792
526175
958352
298961
15115
900557
671156
314862
654053
815607
307754
551421
15018
267936
32646
181156
304682
419705
96988
167952
156322
378238
215187
997785
548402
592611
788622
537429
936048
138380
992324
279248
544053
293020
928114
542791
449325
247515
87126
202189
897097
628755
159034
973633
496392
245979
244799
138190
943843
214459
263312
877294
941938
467723
707684
595578
583476
315614
20598
77051
182239
708377
712658
752102
441385
907730
485030
916121
340149
639579
938619
80832
591291
498140
975152
931286
525497
559239
520474
953770
129506
370862
978522
663199
417657
89992
293769
120279
623470
584895
917842
506170
508281
984705
405326
273849
559901
706234
378310
800927
868451
752236
575501
249038
878090
164820
593469
346701
278294
836642
873668
350364
48292
286601
77987
52848
847891
850323
106722
294180
887822
212441
947312
844449
478244
170960
179137
522179
549092
890210
223453
673677
815244
107714
860254
60041
249173
298131
366354
329230
30694
250046
164006
931121
268465
626240
362373
440766
477092
361624
891798
770913
306231
174076
85596
914400
658908
696032
479326
260254
138775
402441
155074
52982
437876
574396
786008
944224
996257
653995
359328
979847
994405
183293
666123
988784
734511
637935
857861
570454
465691
745254
329060
838287
63750
586169
379267
833485
19136
918356
419256
743211
519598
943820
884478
945159
697225
310620
706052
226540
30506
263918
184538
304893
19348
150492
959543
273839
30763
17389
197083
880631
857307
62600
222418
445230
600082
705043
960533
780366
186618
818447
116589
750907
437017
543060
549723
640692
494584
569442
467615
561338
741659
643381
858770
963975
826650
191392
406304
934683
509596
565431
942797
832672
664042
10723
380095
732871
343557
968954
224819
592619
575885
781965
350636
135862
298762
925996
61316
444916
54832
298949
122105
254890
138262
747105
238712
888969
341562
245264
906
62727
895516
310058
471812
46088
972172
9638
462284
790932
101824
74174
434882
702822
383213
477322
421331
455680
981565
999312
233415
501263
195537
342995
570616
990897
989132
587500
757164
261954
330670
921150
372868
929737
747381
991261
280688
97416
898743
651973
763798
722489
194327
232594
697611
768906
619567
351440
831926
299264
52291
175760
35538
779398
578828
743564
752594
917022
223605
748991
239441
237550
598318
136491
649553
621735
90041
367331
90263
403595
679199
640239
499885
915406
864889
425395
365696
343683
73186
641974
101593
345934
957110
380227
338361
387823
633018
312788
861397
633519
138133
723981
389432
830573
960819
263816
89482
569546
423596
411856
635152
411032
688915
384439
906179
491169
736903
673548
95139
620809
7224
492400
288213
568936
52665
235147
208547
562584
174386
190736
284105
863284
873988
64062
23679
747578
91456
962170
430255
328631
782680
264646
838860
766423
41610
86920
661453
208737
252395
134220
331037
970231
900648
619330
432193
864449
426553
280836
604470
358586
941322
855863
590942
416570
694694
151549
423252
410002
752334
664971
136820
840876
481036
933438
944668
126186
561911
856838
541782
381073
255897
563666
363071
427804
574180
947519
196650
98073
720816
693842
691521
12336
158326
52086
770354
299459
420835
758023
507559
984069
74875
304820
693823
371566
39323
877473
196684
950813
78800
982903
273235
948100
553304
916760
66059
632307
537218
33455
71361
576551
938866
160752
708497
754702
855638
691766
615274
568131
829645
188079
162679
274130
801246
74286
615035
201646
378548
288702
260364
220853
540099
836336
121113
109710
717285
55300
514224
477005
419240
588765
449061
928580
379273
992001
575558
312662
612675
426151
785803
478248
714141
169148
928468
857490
763567
885710
42701
43238
673954
745895
304435
160937
226874
91921
960780
268843
151936
412538
532359
938905
189649
231334
206000
922241
431638
235242
543384
732440
608812
169354
391642
109492
648978
439774
130112
437502
944201
826442
190406
904600
306998
172349
503892
930331
729791
345254
38601
203840
699833
702773
112749
503042
192689
504429
776356
811956
99910
367761
736061
720282
596295
788410
155961
422064
524014
452486
386122
909863
106685
207735
856912
83422
412224
564070
934194
240750
270317
992421
189964
731036
280541
66642
919194
482903
742861
228075
782922
460564
42633
918172
608570
5850
118910
616342
926407
585214
367568
744206
933987
118900
170010
94830
410676
821665
48911
392475
596503
155331
399515
809076
560752
916350
568885
790287
947735
566950
194072
853839
358377
642585
229431
364937
30916
526315
266189
918109
415607
317998
948455
158185
477499
310403
689514
35999
598648
911320
57183
714584
81860
358483
605403
821147
867680
461462
270641
144781
861106
807499
207157
1724
552214
385844
757548
87532
63672
35105
769695
588129
593905
10771
547486
169577
399555
950216
676792
577552
701407
825607
498827
594488
95764
661715
907079
795779
887147
750098
665376
836644
159705
734790
324457
383700
836267
249740
619847
462264
194457
175839
621897
285329
128906
566059
13983
81673
755329
330469
304900
265
571898
775394
252277
511336
494536
697915
767338
475145
409
695852
82930
63796
125913
203105
19515
697339
954980
203404
945222
470848
693876
922383
250175
4249
911695
643830
86835
624091
829581
124200
652579
649878
711931
356936
715852
126240
467391
322212
385887
398321
119413
288038
661508
165044
898764
924919
110418
495461
508874
589860
344773
772706
991397
53099
83039
912992
860772
996423
894339
681130
408080
429092
861985
951468
7735
610928
180875
772285
300831
728257
100549
14997
805864
508815
186464
939892
171811
673364
638542
33134
343912
408256
272077
728366
335436
856961
935907
966960
295855
681149
601086
611903
366522
135756
119101
58665
667846
286789
888021
353777
26969
282516
572503
383692
801629
741418
344640
957324
150417
574267
927882
302756
153219
912356
294712
89803
497153
654071
684671
299169
7661
544964
655067
266800
17383
511980
629900
435397
935297
17569
767451
533284
543099
254420
601060
499321
959672
923958
869931
210115
514737
602742
219506
678703
624262
968059
153914
566502
435546
193611
819876
238499
326391
376680
906115
431680
77278
580320
153150
174112
143518
83163
786181
667030
224551
187756
579624
506948
739618
173493
468134
646308
650899
104423
554427
614061
382759
428730
819378
570544
659890
818218
974470
876110
808998
628879
130475
259331
857594
630255
377343
249115
477557
493691
786427
807714
987376
213457
719509
426786
881115
763818
148691
34953
559162
23886
327493
677097
596087
306837
362790
400595
873860
646890
384733
446159
540589
841025
564150
155536
651121
656469
645731
412610
489225
800334
289890
734289
577998
500882
53994
468352
578630
511398
866869
340153
561856
364031
977458
483111
317505
232284
758535
618860
81543
678822
875011
863702
829771
958573
490298
369593
919242
876888
437719
911740
837136
577327
885956
19270
367149
43661
309955
753871
989687
278440
690767
303535
561608
772065
674004
212997
467006
789596
435040
852048
25167
561075
525590
719550
262550
765111
219023
707277
513715
373524
697922
512224
930393
147617
298609
799159
726510
104911
806748
623552
959133
257293
354969
786607
410838
600494
750968
246996
960950
193938
723456
903527
755901
490887
771764
207748
568370
539319
300668
635411
160554
650282
547602
617052
497921
411053
720931
700596
327412
252729
24368
524771
688527
562499
618227
542904
193508
152655
590043
435906
473939
937230
380483
730602
611164
980153
240221
606224
586408
126367
705745
972008
678551
871965
757205
850863
347664
468744
606842
323884
328935
885553
775048
617869
840665
817383
255646
619902
640468
100521
382519
65777
593509
421424
320892
301914
938715
782433
902463
96848
176520
975135
425814
650208
692142
309363
7540
113448
676711
804053
825275
304655
555572
467135
421255
304224
276506
825451
41501
504749
439991
415284
254489
981205
121929
986818
616929
562893
306919
314589
734960
81115
255222
231868
341395
609541
689010
212365
571564
566872
928376
937074
221766
90336
997915
654815
747259
29873
361822
976823
320187
318479
316142
912521
454978
106910
725553
250666
732569
440189
977674
613044
292301
474162
385104
97621
976230
615308
828736
927613
972932
451329
371380
967087
245652
29632
290321
62409
683355
293180
723229
390354
646179
66250
446637
9888
946224
612204
97605
845930
483028
244413
752934
671807
523897
89819
659822
647617
770936
810358
311568
65113
860090
750229
109698
86403
992460
191078
909774
926548
871361
314184
428230
622604
725249
285214
108635
39574
645633
362343
526582
692099
749093
184097
783871
637461
97995
121759
167094
995666
178225
613700
969367
191111
979064
79649
104999
407873
938692
467195
627978
821709
360560
887403
433230
907169
856216
979607
414401
994783
250061
307789
271225
824543
683748
513066
852477
476317
973742
367774
461056
763456
368214
630472
722078
93745
174092
977128
730149
227144
934305
829900
644846
684597
625929
439578
762408
269844
603717
992049
990265
53236
13752
980136
360016
340439
179656
149440
685854
425316
775815
281676
604140
525238
304961
632600
422792
590141
862922
770154
255281
938287
536738
85962
485
541630
101696
630050
455001
509363
323206
160974
593235
127960
44611
74002
790025
617500
192333
96615
910532
821948
472294
231120
978622
341250
542168
712435
804392
699570
48633
342707
961462
846131
103932
893643
50845
88652
452782
173077
85192
246237
353178
825309
593874
507685
465304
412542
482228
845876
545339
802603
74609
108198
567408
145863
539278
115600
710990
767183
577959
198742
59556
788498
480926
366540
111521
514755
89221
642467
180014
650055
182555
382193
540021
315853
330587
607552
176243
484433
241409
843578
911649
819516
142204
195763
426299
706836
228259
543755
466087
124096
966687
974696
726858
234506
374582
40846
897317
907223
793482
350153
545113
447881
241539
242082
166136
149397
71345
444545
651764
381052
841581
728870
608531
111590
733104
805018
14313
347516
707118
40692
596735
363657
71915
833867
454299
971017
16994
854855
972863
957304
188338
398899
631352
691768
650612
929796
177276
320612
316270
635150
430774
774913
993127
636988
996506
448412
92761
159531
716417
881339
983629
164082
500054
782216
792539
999394
397917
4053
960219
542127
863337
130203
14876
70732
129243
77592
193418
304879
874076
247360
244210
803970
85691
491195
244321
778037
298134
378811
61520
321139
890372
95739
671225
986949
456554
734443
542276
95697
669197
632052
773551
632238
755634
45413
268340
481395
466103
678027
795165
244753
545451
255574
990553
276168
159884
160585
702986
517597
148667
443095
925498
939064
688595
732213
288490
356436
974291
73655
788099
607861
141749
929631
866844
675280
179487
75951
247251
525810
221591
527568
512207
757381
475206
103682
119933
381138
262823
26264
878033
486753
534843
64291
789407
524846
263180
620222
509132
923108
672770
724339
123402
104944
752885
198417
82422
580262
727774
865147
670685
827084
1421
308953
22867
656330
368441
427252
436841
208311
82640
816252
105074
267318
733261
58973
315146
244335
345908
463533
748567
1018
442203
65527
765091
185046
897895
398713
678769
142061
610622
546871
970438
769734
324673
223426
920190
757352
915530
964278
929895
106779
459525
925558
221728
563906
563656
192265
267844
90630
603361
702617
247290
320481
97103
78404
882893
434321
389896
509678
423895
728787
570837
707192
642548
7217
297976
452635
376765
253330
554038
227163
134551
879826
837935
537744
307183
63330
130540
66987
918167
815382
628016
147072
907963
997227
730259
505562
782371
537157
446072
609016
375346
932785
352380
896114
166396
719595
383174
768555
621169
798351
460518
874151
351937
202291
535337
152750
381403
862778
828847
967811
221940
978636
944474
284893
977385
287347
330853
901253
160835
124497
218424
150519
772814
798072
357770
531037
630030
347062
290573
309835
930268
973271
297887
45497
539450
159862
846553
861980
287139
368117
194327
52783
479414
978169
329467
829674
446636
530440
246684
821078
647702
374730
787101
253509
302287
898265
301882
122361
487534
542605
590494
230483
797872
233922
350570
130258
512571
927230
913572
532322
554818
420068
195745
518092
660447
665268
151415
488453
757700
56644
186126
526440
504043
637941
414460
708108
62383
154402
280946
441823
135375
531048
763354
52474
857049
188112
637035
763833
760770
626631
277850
328071
543588
730987
479822
187973
795010
210231
530706
840302
515313
14050
312646
24961
762439
791636
924262
907471
738694
42987
871304
20134
612878
146574
790333
398911
927559
310097
927908
590096
591692
740195
432567
505045
130788
357196
472388
606287
588268
166759
838771
512506
958938
753348
918391
711550
131491
85932
163999
90889
781941
779921
194395
979792
116286
212447
967649
687800
747545
378321
826699
487797
960423
582677
574990
57273
624075
140855
909972
15762
119379
682385
890782
628887
727107
282048
775168
103113
354165
839641
199060
680161
800774
430412
477801
488922
379362
885612
548320
846890
766227
533658
679772
332936
301032
209602
248190
734461
576003
612732
743915
621603
885200
29876
613138
974777
140460
784444
124578
704546
253979
357947
119536
267007
646094
957925
252333
651679
822569
371636
707879
247323
427573
54330
852077
615450
887659
989105
700464
223772
814937
936675
543596
605623
505330
260090
188326
395195
29514
546934
652042
169207
353378
439449
362524
910253
870953
923332
64960
476627
635060
241017
777304
75871
885818
10460
815818
856716
727043
262421
830730
247189
252750
519799
239255
859985
589143
134908
288436
912986
512331
29962
26349
81683
944758
173779
508589
234182
530829
786793
781977
745961
883962
938540
716905
484934
770598
946632
151812
880993
626471
190791
315622
641403
646893
19257
182780
743693
77565
308032
673575
718705
438890
339153
574158
626808
313672
605723
647039
104589
901974
342793
846982
107877
438142
168713
776266
492332
161582
640424
412704
734462
547064
771747
188673
166541
575843
149080
443579
610745
394058
652536
599700
471936
929341
921520
987983
931960
718025
151534
22288
369022
483190
295698
714944
333690
13403
250187
619783
218253
165655
424816
855422
66732
811208
520633
928237
287091
973201
600182
70065
65327
636620
814355
207543
483596
899245
271233
438643
520998
691655
419836
471663
269655
548727
245854
420955
328408
958388
452251
257944
851958
202029
765089
772620
967337
421787
76281
976557
473512
574483
371450
445105
275917
254271
121712
106394
993581
94493
121649
340729
235022
270786
340179
930618
470878
303302
130122
305060
794562
316113
791505
444180
672631
528753
382779
604624
652350
255005
857747
969691
967725
849448
757349
17318
496872
989122
356145
79634
39543
649885
489997
225766
992045
977421
945094
891420
905446
317152
680628
286073
797237
253518
865550
799328
296583
874555
577959
152960
59561
704820
296982
777315
89920
455319
274064
170830
4281
444662
288762
437140
775512
771864
717282
696980
349267
90459
710428
191990
152327
448628
460194
795383
357552
381656
889300
292773
743592
46005
99141
899065
434612
570971
856959
80768
208271
883157
3878
354800
171691
733505
29496
576786
663052
646963
853018
558884
961756
888420
491296
595588
197734
638646
178576
916051
772850
760487
601359
931228
346795
345668
664942
13253
755648
488123
959780
618334
827068
514894
841230
968368
595763
976300
661054
752627
788078
73489
872959
891386
234464
38099
493886
356837
255198
832103
192246
379060
931010
865633
868150
689618
974842
485553
168101
87454
524457
107540
290066
638103
107426
769335
545531
767141
890350
681116
216125
501355
204017
49331
569255
955721
127396
308856
825459
148888
899460
261440
748739
928305
372706
565824
988819
868216
321559
840741
718316
636338
965224
901304
309663
322578
299512
956700
990654
597173
197074
208989
295848
189082
780903
426075
398101
248903
144415
440002
939806
892825
10952
164358
728548
196096
728768
20660
182045
453887
330669
320621
566405
693647
716652
3941
355651
52635
446753
595716
329561
385604
557451
40224
855144
77807
156938
752493
176733
605630
307069
510279
715228
787049
824087
559803
664205
986086
690299
9963
124835
40749
930631
645323
958530
325481
759873
629124
564992
958798
767782
525816
366412
694838
900488
162639
914373
674266
704256
342145
238212
601856
4280
602211
589682
103779
767783
661020
571319
872713
158511
799957
498009
413352
394645
77229
270811
977388
899655
252561
768196
591547
697304
508013
87517
425991
213886
734641
729030
23493
470424
23616
628679
374529
190040
770679
469546
395007
462696
804730
402480
922083
93663
123383
247950
874080
408106
908142
488289
854189
654599
774592
332913
329652
820416
412986
503655
78065
735933
782995
171257
195034
716730
127946
779740
404053
904253
705131
124220
531035
449906
466090
971838
54772
315083
272738
299553
876118
825487
805197
896057
940024
346235
402243
962319
42834
22401
411355
88822
440815
863202
920333
117530
950726
9310
708459
918716
386269
164407
853808
739463
63265
115817
757591
406205
46448
120623
673322
937665
238639
242495
354121
132121
978689
622036
245698
897282
871480
525754
921706
590193
202898
661416
539876
208420
885845
814672
740539
544387
172242
957451
805095
582282
255294
683442
910846
54128
239739
112537
406678
910853
713784
76781
763783
175994
451699
646828
198620
440239
453388
232880
709748
419452
233512
438748
447212
173297
400632
413241
612368
691177
259645
61128
32632
210763
816576
671332
969338
751037
233201
955398
133459
573114
2992
177598
35654
789217
778583
636903
25069
646617
309165
300916
449917
840931
8627
815710
839423
673439
135331
555446
134441
802337
66006
345110
436032
129031
913036
140415
826418
116721
266212
390811
139372
103222
22400
362069
304894
810480
865520
228061
446137
102377
650955
578322
889584
712941
517381
542219
868119
42316
339157
729206
73177
241465
805744
864480
376062
986278
293402
85096
357228
592592
340929
461906
374164
961447
633434
592420
205194
781966
970357
378313
360299
178700
272618
771656
643488
679536
706243
43828
99789
637531
487177
557865
762853
162341
604301
81098
660875
211008
469537
375668
195187
407954
796356
28376
469249
658714
403014
584148
962519
853803
110616
11629
799266
907970
148169
451486
817762
738324
763491
95441
339015
505306
312806
353147
149629
72997
62251
579819
717929
116952
917058
923930
345028
609866
460407
272659
172497
852076
84680
133550
804611
987575
141750
551802
124231
749887
676856
986255
209794
461481
811564
671433
616888
831037
357264
926422
972899
446993
183670
731290
22919
752128
214543
244776
624118
132601
38745
761820
860807
985491
617627
301562
695903
245452
949544
745886
113994
721552
933303
838929
764664
594077
14761
127594
413993
485918
832708
191216
4625
886484
5971
140454
884194
761976
990898
10813
992093
530002
683902
63613
665106
36792
846348
66254
477132
762338
646954
174162
923318
647857
651884
704705
658628
53665
228697
201186
76374
755072
287367
706459
486103
10269
233513
778081
392310
551432
397911
969575
264445
655895
653872
903214
120741
530321
201063
162170
148511
152562
559607
843817
537504
646286
656734
733536
966595
314955
350098
829209
928859
862114
39257
338565
204236
730102
146338
512823
867899
526171
209561
405324
909571
23872
380051
658051
173081
479648
501680
912288
465933
603758
981464
631686
31818
219755
496972
745114
951955
680066
994815
3847
39768
29150
437169
132226
366384
669237
935358
492197
63642
416919
562595
220028
200680
80569
678484
270477
776425
855153
648077
88301
259240
75183
425247
565818
507342
881960
519441
846199
158739
253612
200299
849043
79847
236910
163358
136228
531239
869790
793295
957390
351662
817051
483135
401413
465023
784953
906262
795271
171268
968265
178795
115458
570587
84297
371192
139313
911359
846570
745860
195386
102604
655252
50760
990127
617353
621584
931312
802153
296150
289530
878406
168832
196283
984220
844575
652236
740405
690755
181591
292164
281730
581222
118407
551345
878399
297922
460834
908985
654058
345970
296426
806660
708981
37998
872752
918104
927019
729791
53882
121658
246125
950987
865722
117581
963221
470490
327387
479560
269988
865983
428869
987146
818909
580357
40005
924353
230866
295413
311445
706457
416850
323852
257740
361432
599520
276293
434636
41146
414548
348821
722707
973235
253810
38679
801602
153173
440044
757057
66366
705994
771685
496468
238896
7850
467114
964764
877970
383646
32645
958251
937878
938693
706399
335342
590489
175694
847071
169601
976847
810079
353790
883137
109071
137915
606446
361215
893447
644624
859922
90585
738780
961175
69526
767012
367923
194135
456861
986731
867803
628946
809140
785903
871324
784087
659721
257999
482269
195110
987678
659813
920426
52031
760402
301768
684308
631143
845152
189925
483345
524086
940268
563387
399436
263770
341133
590844
74044
854866
982870
230668
769831
77049
257007
558510
838490
894929
668457
480326
319619
862627
580598
650675
710256
377079
629068
171721
451746
872218
566371
677397
780788
246645
751739
17406
66225
849627
659777
990135
409263
738376
23186
542639
731000
320475
208677
32778
404734
181353
690464
133333
580510
885309
872947
42272
391227
634896
336749
168721
513817
467902
158347
542618
492527
649181
975225
999451
835493
571513
336553
706109
977411
527705
326109
349896
33372
276193
819386
742680
659460
235675
890259
790371
812201
68605
551532
791258
407236
182584
147744
933777
440739
37100
824302
250042
950237
390847
798890
780646
85632
291791
422079
457582
774800
351498
859641
751086
39650
232525
27362
455445
125354
787250
779284
138124
289724
842474
623251
832840
47626
407343
744606
504347
909569
245325
680897
285290
649248
993494
226488
379775
984460
769416
932493
424458
437648
335086
108269
450755
190683
383711
432826
630849
364891
918540
983069
84187
246739
755239
956490
569243
168437
143344
905599
11275
930006
483111
189180
587840
629080
252811
166365
610337
830403
547740
826428
673485
825058
689100
921006
498068
651382
739248
707562
444042
901697
489049
14620
996050
211298
36412
208065
462065
680956
975596
270821
750197
127149
305978
791801
795185
284798
935043
441934
877572
453878
746049
621938
98499
101119
255551
56811
939994
671081
181076
794515
96655
777845
616325
463918
870955
864497
106255
324667
538785
703995
136735
658300
644419
684838
854504
101348
508994
579216
436081
461329
916151
44095
444626
663850
970964
261228
878644
514378
722325
775171
902846
974154
126184
238512
555859
404616
366919
252078
191212
375735
860634
522749
675705
431346
221406
837104
699604
12885
660998
459214
693116
259725
907002
929497
932012
602373
491671
116354
430323
729384
504367
895042
493062
464918
370937
300142
450995
994961
561823
999414
585422
399819
226614
11681
308538
212534
770704
704814
651737
742201
521571
174943
910921
548822
963118
397921
863440
353157
472441
904893
818252
835087
292544
427486
517082
500858
389493
891007
29624
865451
237067
860507
631252
594594
222436
569991
602033
794566
141296
27504
473399
665528
889696
798347
311281
109686
421184
870189
694520
842398
521365
549217
922180
670877
130907
214271
800248
298749
78394
101653
615814
989338
518676
174643
755525
621035
154865
732043
713160
337304
362998
436994
164606
962791
689456
317547
415550
795317
582776
999867
67137
302393
684377
847695
454784
380391
883048
936059
749715
154420
318196
73413
90590
881030
952910
992887
979797
471316
958516
599661
538113
777827
11747
3672
834971
297002
542266
444471
40289
325095
45952
26137
898639
902590
213677
636000
233297
111618
787048
594480
197795
870420
183313
684715
334381
521044
570303
37948
688010
621222
477821
868555
951867
399228
462485
884137
505033
507673
269436
822851
811438
453729
35850
387590
490164
922157
112013
845861
778489
818070
648021
493201
888376
360477
319232
218653
373501
337595
882351
516541
636952
614033
476025
585100
639099
451736
453114
384178
906805
214530
5874
663348
785833
116643
788693
599085
722032
570659
135854
344020
907020
219736
840368
648232
415130
389829
328628
280587
804425
589055
723147
165964
595338
68089
15648
307341
569275
663102
471875
409604
594852
907856
718204
476319
338897
106945
816089
897599
624307
746368
388231
542736
261565
560057
704160
95736
684025
442427
645790
692380
522639
995631
525272
435339
733397
832697
781793
825850
655051
989059
14449
88814
68005
393414
301218
957776
280956
641081
727030
333934
470125
182451
372521
248112
991352
412254
289299
8089
208552
95037
241879
745778
717892
798661
639916
336644
382133
879958
271918
30476
706494
353308
813929
99843
351326
473838
688058
358998
518929
584537
362031
448895
154586
635092
282616
541716
837958
639589
820854
776088
336460
790341
186361
870647
56139
714297
418151
730119
297723
51523
943071
479707
177392
306384
652637
495585
738792
262050
575955
400803
680811
335395
661418
380210
187215
513723
169341
730620
690123
160777
415539
379963
12925
214146
95832
485093
523525
446127
559900
22862
319144
966731
37001
50193
192147
43996
261437
294243
93088
734557
743006
810067
503471
846471
363733
940784
57986
575709
302516
274379
485113
810883
180441
269940
41395
436092
570788
449307
109608
526066
163461
203809
941686
849254
528492
293796
328216
778207
696062
908967
527319
687628
140601
353816
997042
443023
187097
783632
590578
262854
284985
960286
213928
270677
447249
182428
432970
418467
160301
991010
329155
208852
650199
428385
89363
735846
152026
117337
87646
517955
7182
15290
478244
554997
14192
119887
601955
317777
391914
515173
569321
268178
359752
678058
726092
884371
349211
923674
413240
481907
26439
653531
353182
5407
10448
590731
188758
44312
359129
469541
808367
529967
841543
922488
785782
776106
689500
849717
546336
960516
511312
574513
430749
781955
374937
311304
236929
622352
342530
455159
526145
783484
464970
843914
744084
2337
293221
419834
285992
573630
755583
491516
526038
540305
439302
228910
314238
107621
925739
229459
794257
865539
362601
340617
697323
251128
246925
867579
549587
709615
538611
744871
586774
540069
788344
63473
316987
14179
742411
35171
489091
360496
593019
67297
478988
524002
767616
724904
946433
590745
826771
108860
619434
328465
26664
393462
13701
648728
510146
658499
234909
175380
151481
802889
122937
744131
934351
332273
115065
433008
332763
672869
173205
114509
14188
202876
296176
452117
887972
54798
65281
974136
942145
571128
412689
171322
70784
381637
649065
713415
445189
443146
630153
708795
584774
487615
71585
265598
141574
220042
751474
411622
778051
601840
192411
1057
969625
965715
180752
526223
74502
372734
907032
363778
810907
791935
431797
502115
787325
144039
394276
885995
729139
568790
269651
418598
548187
13725
393974
657041
358380
528928
833131
24509
394383
108298
879090
745460
11093
777410
97708
721642
903464
901324
614751
585694
959215
401355
59192
830519
85903
67399
838911
229271
824740
654927
490470
718061
595029
222788
795736
104459
247372
446318
991348
866052
984533
29342
743835
601042
562374
236807
819949
279663
433422
863706
86995
202175
29239
875064
151787
502985
449709
268822
868633
993310
31494
191876
936507
310838
97973
340962
457918
901587
219826
430514
51786
481412
902104
616569
305846
511377
925723
176641
605446
697106
724968
353510
692943
399945
834089
726120
251931
765259
368466
201398
114007
357449
62491
354952
111599
457244
839012
669907
41635
67655
734919
410597
54510
296208
695501
140542
700503
317032
834663
477852
491469
287130
983429
922544
29173
432677
86625
245462
537276
221275
123956
815919
210898
13925
323122
267412
52590
621319
460431
748548
576064
826854
630409
912931
786926
899992
111172
567229
864515
426173
342278
597854
592611
971865
808485
871973
122959
739062
602586
849793
337185
129784
742637
442276
754499
563500
48788
404733
840658
492874
897247
648810
609221
558427
322118
290267
762926
661368
972354
443334
972040
262162
163069
893804
142638
404589
860911
513933
972708
70025
994520
795079
957521
939585
681983
563717
838770
607688
190920
442169
617165
351310
526025
779711
858797
929023
40465
966270
493846
508275
554846
448797
617349
527614
952219
799764
825627
418592
743071
706807
998393
759022
506482
429841
111515
279584
958429
34242
362617
691305
51516
134842
307867
311013
644733
981840
102128
276790
45089
48610
457343
205875
719517
265050
231967
770819
896771
761300
70182
217838
206310
70754
657773
293477
927370
832888
975049
74477
632027
997255
154110
859477
431701
891485
42113
204172
87481
65897
939453
512745
694653
569681
32299
820969
485213
972366
113946
49303
368861
333105
690267
46007
87855
921625
769713
165695
293723
31703
10884
71606
775824
154691
975532
457717
653237
87438
626860
552321
967532
964825
785749
501619
88950
170923
388568
437345
325013
780069
611778
777562
216069
512951
165499
211961
8107
252991
397281
501386
319593
143336
799820
154949
697598
675822
142303
221146
908515
768161
381840
868916
179208
855286
17096
637980
405895
462048
256975
382528
843609
655863
912494
339166
911060
933636
346845
523259
324323
835147
48609
972558
890963
910137
358886
52911
177099
83899
341060
323274
669045
73831
57013
299173
309001
218508
678609
388704
289363
702620
276699
91673
86395
889616
137976
506540
735486
705394
71676
884486
108409
184984
819742
558628
401995
217998
507685
297514
963006
811380
462541
880107
980627
164140
689782
424513
116895
2042
803957
363175
278470
912971
805879
495513
875156
626911
979243
649624
526536
545309
685901
627417
864638
421235
621853
933794
797424
126305
156306
998865
282000
735839
933519
577321
726918
925342
702695
312691
593363
384912
884869
436832
593297
666998
108130
769461
907978
695480
937418
795829
991055
522292
36448
363288
779639
200199
352808
428725
518852
687578
856595
184025
278790
204343
107018
70572
60511
320138
202548
821900
479556
26298
840220
626735
777932
123399
906013
448140
243626
208908
440895
353657
766139
454540
251398
319729
783259
438226
701890
304683
629855
634208
22271
301350
291103
860303
76870
909148
906949
996008
580328
657610
260881
482838
907903
844203
316955
827771
668579
537942
773659
961596
729090
239925
670451
195279
295352
459112
205971
353588
576583
430180
441697
261810
871460
325742
350291
482795
183075
53790
259254
446900
914919
427537
398028
774454
223747
394286
728188
249546
786848
238953
943188
927417
815449
131019
786331
346310
648414
58391
216609
359817
646073
674386
583338
991748
29419
67882
404904
120714
517091
470830
822398
676964
270219
201300
795691
646919
320566
609609
945956
529697
864585
959354
769546
234623
784734
373433
18127
697860
676548
543119
421739
43711
722585
991957
831438
3415
851361
435813
698979
290424
410013
206815
6470
906340
570446
673284
606672
103134
118172
471859
667834
409799
654367
743058
829811
640009
464444
465566
39279
613317
452455
402095
781110
197700
802804
365243
491222
580219
472883
845520
838667
756646
104526
360159
116070
285381
276037
960391
7335
705587
744421
45103
546209
641439
876004
157288
536522
211057
349590
243493
502011
467273
177480
996285
194731
109012
967547
277594
611200
514457
49687
774694
627043
168385
542176
857773
862855
27772
986052
625981
528278
761595
947794
60610
368235
820464
685020
64367
52822
201131
485403
579264
207706
456350
200233
90468
993629
293893
522400
479421
112599
778801
18381
322271
743731
251074
802682
443510
981533
492431
49811
670039
953652
272465
268255
8836
411961
116744
838787
657262
492213
571390
205405
659179
250087
836346
818100
289792
363351
115624
909736
578545
901846
963515
84082
156188
747415
634125
119971
721779
1151
568734
226206
965646
47823
269193
313280
438450
221789
537104
402017
676035
677838
700204
514100
432957
39637
48239
671919
330621
127337
621795
1071
886383
606840
417785
137797
601407
729072
315056
182073
601772
807719
958832
873803
980810
538381
456755
430117
26470
227227
22779
815434
640958
168522
34413
661525
450140
23665
318264
893546
790573
380026
369881
229072
792289
825918
271005
347078
268576
560021
809603
369939
914695
548362
44058
863014
888544
143585
914437
998064
725759
849869
479360
866325
27879
734116
736810
858762
653380
863460
500075
828095
688399
414962
691361
785013
968882
916466
420386
786729
675830
969466
698193
853614
465104
957093
452917
842604
936420
66345
407450
832889
563382
642725
415963
540189
790662
861727
475611
813562
326097
185047
969247
270263
57825
777899
817625
936513
314336
355147
469406
819224
105066
948430
839782
298175
521083
160164
574616
899296
725913
961818
38834
758129
873886
224289
147154
726510
151933
222682
912488
482528
79226
94621
554800
699154
119329
92355
272806
330007
895550
204139
767558
505024
587317
806236
355445
429125
37400
474747
873466
865284
691009
301495
581880
164944
566567
379848
139215
607873
794596
746076
852710
604339
828038
332459
276245
416669
741207
318545
126234
130901
769498
511954
926054
765521
756509
264509
679712
915359
210976
413900
806676
81006
932240
798424
298368
933463
302615
362437
82701
920177
420315
556962
76089
137441
575002
495310
748051
110080
969059
218862
902037
192370
457631
674086
864300
988112
29053
119596
826358
722473
928675
450788
242147
116319
385687
584271
690326
948473
192678
419000
643580
237771
386321
146559
406968
597619
178216
607149
487854
690657
969489
613294
758762
848438
36634
809327
286449
33742
192399
432060
893943
487053
905072
547349
294451
863865
248806
132317
784283
475974
597432
500441
757444
714159
903177
268877
706904
549397
194292
723303
877629
653487
829912
593897
923075
978242
268620
750099
551931
334805
966538
911686
482567
63618
370039
370965
298202
312938
769641
333555
586928
192149
653276
222550
967178
856629
361949
51653
658078
189718
125770
86858
139018
152099
771466
330214
849916
451167
23875
419296
859083
217254
818651
466135
264694
667691
64975
648565
739967
308641
942532
370486
568003
938687
323427
836679
878256
244588
843958
23442
380689
836373
843058
722616
434851
455330
932898
274776
162364
199194
807983
921084
171897
582534
485486
917947
614051
84603
995851
881587
158566
13777
820693
201698
35494
515226
821386
656352
395278
984174
866239
463900
758373
870344
356556
25225
860976
532611
312624
525435
406317
189169
608083
881661
885014
311023
729536
466166
166573
223895
293937
43209
758920
958586
555134
610437
683238
388568
793852
715356
339559
309293
139670
146272
820235
15197
780545
173882
950139
251969
953201
549195
562962
151131
210055
137392
745644
293288
729821
126356
462027
960062
535779
241373
835878
863237
27884
730404
968382
91341
826527
245279
590583
73607
555466
481281
532879
239966
819767
410855
477711
148248
529551
690501
475903
589499
755828
863392
648503
649426
916107
639937
911788
545099
629671
986154
17225
641318
565828
772657
541802
903513
554225
896661
736111
487608
58075
964547
234320
210705
4659
947116
827656
540565
494790
795316
704696
993965
895377
872711
881460
636797
669210
711775
49073
192085
545100
660470
748485
578333
905774
107833
978269
680307
917885
268654
497895
470861
30067
233034
728827
253732
490661
656270
346298
342352
832868
448272
671452
458269
334950
104570
507311
575807
79843
141425
384605
313171
750172
818185
66884
490073
289988
376087
865998
469939
257821
571580
131919
435848
655581
623133
17995
858965
523862
498324
162404
813589
423496
546823
300710
264521
14385
680877
381971
757471
195597
610793
543722
887927
288926
979343
599084
246947
235289
273169
450084
58461
83035
676101
344095
612224
810119
676024
57093
689289
259938
94853
65830
811151
861759
649410
842668
289697
871797
376439
54767
386811
755150
638858
877094
313252
733148
58501
513715
464167
675478
178423
254054
974568
54676
15332
221999
158392
306595
719503
450603
401824
244611
330484
754490
46107
331600
565808
414850
709587
503798
450942
975942
662102
480991
299506
453572
793275
744495
972928
207180
545301
196222
471020
189993
191316
77613
583501
582586
430830
834651
304864
730311
722204
638471
429544
457179
406786
867056
968547
283107
485369
285591
113634
943410
732470
839424
466324
935236
182645
607337
956910
549659
806661
308238
122953
74906
535067
138230
682470
69527
244911
538230
146961
104259
569562
520974
660786
481943
551978
644194
217493
55581
375070
99695
586415
409228
238469
407422
254918
487159
466953
672882
158319
681042
416772
670670
454207
432546
769829
181487
556557
863185
719696
427678
518837
572426
52918
84274
127246
194062
468536
381784
614745
645987
67464
343784
199685
252265
232532
220344
467826
10931
350234
927307
574956
691750
518777
420716
839205
134941
123073
111234
916137
210768
257030
78863
114632
786955
332474
174282
784793
278603
350310
168188
600522
159125
440192
175109
718809
400355
144113
782423
100293
34136
297205
645109
753091
259779
888912
913942
835271
854472
161353
410631
379967
621165
413863
245819
776702
711336
63206
515996
9977
279916
69782
911679
381429
245655
143654
659420
681755
661436
629227
488012
111870
247937
336061
937148
873601
593831
212694
20626
390679
501048
418646
330047
369986
257318
456470
178146
54149
383462
471164
817315
162986
521761
909694
214511
618129
784781
551498
606757
613129
545154
882069
614980
602202
549736
674278
846999
819883
2085
741491
601980
771648
745820
39772
703763
685205
107099
754814
537609
148228
966868
746725
986140
214779
394413
693373
178822
694431
386290
744806
859565
338707
696629
342266
320510
657194
965484
373691
579308
41299
732844
975599
79636
554216
693236
459358
585196
719808
540388
486382
607115
779530
873752
245368
566588
310865
788336
291586
99347
153923
573537
621107
586705
445443
644833
518199
989583
686743
988487
921735
446772
476035
434727
702022
190008
846405
847807
207570
713881
86491
837510
169571
396966
147605
267964
519194
244422
559081
68580
239094
125341
149641
14188
814999
997075
718107
363616
725960
386731
968765
395851
311148
529010
341096
622784
130257
931577
723620
225145
564617
697762
475912
908324
388509
742621
447833
57179
467392
471218
748921
305401
211890
815065
961079
171869
153601
779399
760671
817496
540328
21520
292971
706426
414283
69251
968845
782138
330948
813678
132750
642141
360302
721517
314529
154801
278389
210683
705635
279359
985334
125404
929681
121357
712356
772965
76709
864928
735614
632526
387215
349595
634317
781464
82201
642320
976041
752874
177435
41235
706595
826289
732695
540366
491198
98343
743421
494354
669636
310784
517577
147377
408863
625058
908127
457264
608924
548346
895759
178659
774327
178414
659005
175964
977522
412022
39830
485787
315559
985765
179752
433691
142069
10831
974496
459181
923188
434910
686293
467005
310405
582938
168147
444962
987194
358017
125736
625757
936354
758889
151038
736786
505014
70721
481351
628021
997707
16644
715215
638662
529339
240088
482746
90634
77383
915061
683128
116805
654895
373152
504613
42085
724792
973509
755459
333410
493508
996430
377306
550888
550049
88859
144482
794952
282052
431838
25082
362486
692262
288252
231948
285137
630923
263399
820996
324186
206178
290152
746292
855714
842019
684862
992280
633953
76594
488635
177706
45199
378106
513807
484485
42065
405262
873638
256598
418337
437714
313704
591826
323754
327383
366276
280451
495250
90429
886561
378686
106716
24564
809733
785974
556427
796992
242846
498899
648725
233986
298229
689570
986879
833176
961422
998375
25512
186555
84339
483669
931817
582266
11107
453856
677064
476384
215825
11210
492727
911017
495035
345994
932332
232669
666710
779436
699601
713415
582134
408305
784942
866641
237151
758942
824725
243356
760591
872539
236863
163931
820540
429718
414658
922731
897062
38910
275262
519183
533002
675570
417704
450697
746953
964163
284441
588803
246458
605116
494664
254064
216728
427328
383920
562210
583322
281068
127352
479175
126568
175458
433830
723201
766135
745153
515361
818164
835469
119777
69328
452976
124894
365788
453484
105545
908550
548203
824245
842973
610693
825818
347999
119586
741105
396968
319388
790843
97249
149474
780089
834541
246455
396538
194588
28834
385931
66445
156367
781077
8284
473684
825005
635669
744755
477673
804079
950995
12839
532766
326867
483664
542806
821222
721399
806471
684171
303317
867361
398553
774533
525082
461471
249012
316993
135270
981854
503052
344620
444531
591873
249413
150360
14866
532611
784371
594590
345508
839405
517415
255643
966526
987278
225422
212499
261807
481784
909102
416573
842929
179196
777632
458497
165242
517473
450461
650182
292642
774604
639537
105070
81946
221124
67885
675001
117426
249544
58547
735249
681024
451542
903521
853644
305057
267869
752682
155688
777942
262178
530389
253147
304421
179300
284394
208815
793401
227537
794264
405255
307632
232205
946661
916891
21767
339757
389379
681499
804816
82772
319330
352317
823698
253169
368625
974823
632519
960919
760316
875173
957403
620866
599457
958348
82592
314665
108285
1794
34707
153639
70071
997039
931949
453913
543446
580549
563834
682670
269269
751527
854855
615322
347147
96692
232849
656286
458168
39613
697512
949085
448305
916843
167416
813604
967831
535656
996170
946702
278786
248550
749125
740489
356348
640464
408547
27509
375008
883926
492486
74810
147470
985561
48074
654433
