306548
833993
301154
914568
524877
747175
837818
923734
417345
299053
366259
453370
435136
840049
81738
638549
200453
303650
92334
347445
127996
935218
622160
252028
631591
394870
1573
815383
714072
984878
692461
844950
678656
644481
500889
597492
452144
831651
389418
35450
93764
312166
388436
868542
873608
486358
357889
519586
510769
119129
192174
833016
468289
609740
985392
544049
797058
250413
800430
232643
96038
501620
382319
66765
319169
565549
469957
631945
726763
567131
151055
394671
923085
690485
805795
817428
631015
904253
682971
308533
963971
102628
382991
301163
544110
689312
778061
416431
6221
339689
790886
825430
310492
675685
978052
477671
517372
81150
6939
739037
738689
622484
443827
38272
831403
97003
257200
684458
832043
659272
925043
153540
363853
58629
552840
590835
881424
175157
431458
997867
719517
154798
883890
817068
394098
420891
41733
783111
333375
634130
70396
96255
660908
41880
829099
316035
735848
205856
292266
995635
804260
866387
53808
839506
69899
514452
566253
629543
512471
834052
156247
817281
935006
701850
151256
660216
523055
80666
855059
546075
828308
645950
58683
60134
285691
875793
879422
530
138966
753407
710976
362197
42142
993773
435764
104616
664581
153357
493712
885765
608355
73076
612152
82502
763220
567459
602045
377681
308386
970947
329412
561494
591747
244520
491185
979010
857786
283315
173343
437134
40213
87599
211404
790295
138715
60371
243155
378466
186611
197061
659682
101824
484660
600569
158085
985162
620559
810272
912138
18096
370595
106487
792434
754867
923544
159696
906679
164404
669137
983162
316591
253637
404766
213448
195217
796150
274980
979821
18530
916348
641300
205284
628687
995063
328122
551350
752176
283233
562473
573679
478394
3693
588510
984439
333329
639445
106980
355584
113234
647662
398872
640311
98061
869020
813253
150650
634577
27565
224221
775110
859497
442438
741672
750739
706307
833546
465131
629077
434952
39123
516438
226835
240610
833056
645969
106976
568685
214510
561326
653966
289438
555643
596655
663481
960636
749104
765978
280125
358194
911796
665860
701719
193734
778812
896738
227412
378586
205195
252099
267620
209115
346332
454357
36101
454980
691274
616902
610678
408962
379809
782827
145191
557240
581568
670636
531341
357449
615147
938203
857215
311850
872175
457967
511043
593734
215122
481650
591466
630532
195978
620537
42837
672154
505441
704502
2975
79412
512003
352413
831295
231745
49237
795418
842001
50071
430705
802382
960369
566354
432221
220966
717830
252585
138920
858209
335443
683547
958360
18865
640179
326317
254561
722249
909059
662800
302533
554764
253661
699031
685306
447131
977269
684511
338983
31389
212017
381036
771430
939972
339769
788390
93624
464605
740583
604346
272800
745636
609818
891554
282270
515831
346942
523836
999026
836434
797782
268434
493981
393336
563021
34931
312824
909196
913307
95914
653105
180891
220004
975702
190533
66320
477616
745160
499166
305217
639372
349921
447041
416933
699690
821636
479782
783189
759477
360816
853370
962934
168981
439611
576490
169696
739231
893597
159928
678182
968328
215953
207460
883889
125291
287880
936477
522426
58257
190009
948819
46483
831148
748068
444553
536639
930037
114415
97637
811361
79097
209796
731851
51997
713233
984810
973344
440555
661274
572000
767238
537005
567780
149114
894155
136987
70380
619550
490230
498217
919313
698930
46244
858793
812925
94858
234525
84771
853627
963172
700453
275564
122669
30016
435089
494255
700298
992408
108070
732091
52713
364588
372300
350791
450032
817657
713815
836462
679243
681212
886148
977393
384020
428220
344908
937852
359175
68973
351007
792222
457784
249340
932374
162736
52013
814403
360541
259514
789601
442359
144473
397414
496458
287883
484229
943631
398859
123953
547282
40305
846549
744471
655879
81590
851896
910910
214232
598975
280796
367097
174220
707544
279584
303970
865379
337383
945280
237526
347216
876129
796237
742615
42221
239895
112985
220392
134595
459456
650955
317476
204526
564239
67434
109000
10896
582763
252010
118016
689803
49036
654397
336990
329336
278891
650494
333812
807853
132131
476236
9555
88397
774513
710942
274380
746144
802219
240772
553291
580960
745035
151596
877027
713112
19036
236931
966473
95108
582620
602521
355010
337637
321620
239601
64617
853514
415910
696084
705223
537282
176866
272914
669664
437472
506321
834238
866943
304206
425560
635014
591176
579127
234382
675494
891276
746909
177177
87288
128617
510113
5676
297903
499822
172554
11934
256019
739956
962591
185723
870436
824308
548739
545448
852092
634657
306248
774640
321253
850715
655970
659896
796048
918018
994445
783851
483591
730414
581101
799645
208388
734308
98406
363918
639748
603246
326770
568933
571666
920230
779389
680399
164256
625612
685519
201413
206032
819223
962229
903971
979010
259050
465785
195062
853240
311757
160615
968758
825997
553750
325231
447182
106467
236133
925610
870891
640294
222440
919422
994764
518859
655571
446529
982826
949386
380857
950944
704493
289175
99353
391382
348764
280074
299419
544491
460077
865947
915940
369735
749748
430691
510778
404321
823916
289689
771479
676440
829029
512710
440147
572442
688396
402604
380075
716407
42833
654958
629632
312833
281106
987651
80985
317041
511825
602579
295766
152452
328808
625748
692696
676271
97459
346886
740700
337187
835351
788981
609873
932575
419794
59541
862355
997302
984776
259789
673432
344509
681149
263590
766944
861530
201425
785606
618849
90638
513055
393862
66459
379214
363294
20636
514588
602613
681121
917473
187793
618290
845147
631774
793220
826466
311849
433379
487034
929639
881415
735096
530530
222012
805228
592495
240992
934211
466765
18244
710792
129743
540018
126349
419737
103235
967474
36324
967263
4195
244423
855964
252383
885386
852269
203205
501384
713637
40297
293408
194592
410498
955964
579959
482649
511863
203298
722478
566057
842824
555882
88487
783116
938687
444303
808558
588310
85141
225855
709190
159127
957986
370318
708491
362988
179572
103554
123408
54478
985090
292041
667246
24819
353576
26538
414475
875735
314340
299756
620042
757031
675404
987382
243725
850819
883174
91482
318071
462687
910956
403342
746968
613870
28002
462768
979701
368963
406714
38831
453413
864386
395986
466441
504590
495723
419393
311098
116992
282928
670930
445993
238416
88292
834578
865315
517822
997859
870538
837855
877623
744873
818291
117570
398561
272002
642768
106952
39460
717516
198885
426093
534812
687692
682356
756599
8099
954874
317957
83997
41819
879014
863309
565622
813115
509858
974630
557547
409062
639886
787827
303093
701791
273535
456442
925463
637835
857266
531059
952102
536442
723630
521906
696320
34698
213333
291482
641899
98086
524142
739620
151433
8570
874206
899694
204274
30683
543326
985568
843871
673274
144201
260703
623279
272566
609574
162975
419240
80339
149976
366369
663898
832915
548524
976985
118815
390712
280947
990910
43989
609232
942852
510599
68572
775906
174303
435224
335544
821540
125641
785136
200595
235222
251103
57247
929608
957447
156477
726341
37571
362462
409138
170898
453682
305627
733282
144504
127626
177675
635046
841788
919608
968661
946939
824118
180417
68455
613338
831280
316412
84803
747151
55304
26422
456954
956227
681142
461717
419746
823550
77256
426101
152783
465519
605926
182856
702227
577309
997519
828659
475964
783697
474844
137820
63868
791275
646941
117732
76480
888502
790770
642180
289253
799660
995793
39928
726150
719835
513958
858492
30066
794907
422497
518143
93072
592201
587174
658851
205064
280065
249086
9120
548651
269514
51670
551289
113459
835514
330785
728601
757621
50801
90999
774851
683695
563167
454236
179888
131240
717553
185433
28352
390960
902576
296056
612248
211350
322538
674103
887985
204729
397159
820869
392318
593128
763262
195091
250066
310523
971304
573863
571063
857017
672263
588649
944266
953154
193268
908518
427462
40213
573411
950873
373196
619812
871271
336533
550412
294130
403588
618311
887957
351856
629183
360727
667386
719288
724876
849556
283462
802711
818411
825894
713420
706605
803898
665540
717516
429582
398636
463177
891293
897749
490863
395876
783811
625473
204578
398138
633125
206633
727039
636728
60898
377022
175451
288621
309319
464902
369168
525934
166021
200160
480831
332749
259694
935576
723495
914877
56691
66718
60473
13811
849011
348981
654975
248447
615118
667009
491325
567360
499919
336507
655366
852922
348165
534300
228336
192668
471439
106958
971491
483752
114966
436671
897528
472728
753558
675729
516576
134362
992671
440037
232748
373705
245714
467585
910889
696967
753932
55256
368736
423251
17967
6038
209516
637568
751721
574274
329031
48580
39580
630624
102471
803201
585231
918980
258508
106745
618852
479371
411564
767143
109771
545427
31079
430460
524906
573015
908858
84583
758413
93498
531283
745413
559919
321430
471858
469504
695932
749008
103058
904197
162610
328086
170384
982215
945753
880938
3751
655778
913806
377810
36389
915337
220653
568276
396779
5410
433505
492016
926098
629276
486901
105576
347669
587424
822842
125362
752887
335030
212363
152995
776096
51934
218624
170115
184507
521828
358660
232020
344152
982223
541210
492938
49448
132188
761616
100691
490092
501652
685816
917495
380683
716081
360810
48200
970751
500955
481325
923295
537544
494484
103884
308211
95226
741960
391960
913241
966096
763966
71415
224638
639684
737755
917590
173387
913379
806218
176711
468695
714505
440713
320164
961712
115867
874465
719154
287288
976759
646163
420931
228515
242854
44323
546679
542747
944680
190809
266852
139497
785688
552200
916771
539331
463770
307583
291192
552789
165282
13380
299953
402705
256146
634608
967440
216690
102568
162792
732656
51586
234458
993230
619536
683647
616370
70957
283014
403243
847908
602623
870001
323073
330108
907022
688666
777228
331161
571397
865882
244487
661822
592299
314173
602649
459012
331945
826260
600537
345772
558255
52733
902067
236723
835803
973783
954091
890126
534485
498189
940056
477596
402563
759955
872300
275568
734967
242640
260591
761968
317817
823610
346738
184050
948168
679607
265585
152623
971055
564919
547097
344919
67571
912177
409778
842422
512287
64074
322803
784261
953241
56499
507559
94560
517159
998999
15131
751981
664141
985571
730148
395452
912996
745304
463062
202591
190309
685358
692331
272969
217298
679093
75716
77378
271137
98941
207870
432877
856680
861657
622590
625701
964512
564633
860451
382672
136979
811890
524636
695334
672399
352943
189884
511507
520947
527318
173300
965552
19209
362505
654568
82674
910061
957976
655127
385262
756314
620782
36238
832924
915490
184011
693678
300471
786138
417239
127665
53018
391977
370608
893465
480240
465285
545336
569121
679704
894987
4699
8792
589827
965447
609303
9395
866494
614743
360211
601932
679008
295540
96992
449290
135994
116974
978510
461564
628674
223234
302717
220039
64319
843255
150977
327503
647367
477757
573217
785366
956273
985171
464447
214526
340486
478650
664715
45026
455834
933439
404941
317617
483806
567503
789504
823698
687968
952363
855955
846454
189414
728501
364700
527042
652937
479952
595193
797316
10676
123307
898506
121320
342938
996150
354509
275655
342137
214943
84878
46788
52467
675988
40398
226844
55407
820479
288225
963494
851136
585814
230870
542395
154403
116278
59030
747249
823220
708079
862930
331782
498338
913842
939132
11764
15993
364400
1787
133112
158375
130437
317908
410141
901690
925221
414798
691790
559381
324386
742521
164432
413416
727665
966055
993760
525091
750698
782874
665812
573028
602371
698964
943215
962072
593850
669838
460102
895605
734107
375360
5825
87249
788370
154236
704325
812879
705580
655341
248242
810665
51302
984356
815092
465948
238913
324594
151431
997748
90125
933144
590526
424077
774536
489813
21040
306260
625100
463770
575134
197237
568308
503430
787266
400191
179323
20452
15040
469469
112392
419920
416892
597962
522155
413738
66711
88506
388587
407186
235634
54719
487654
768115
907785
830548
462347
789470
748963
211280
108624
569618
469524
33522
73012
720181
195397
787524
984128
402050
109056
925209
229366
797676
422439
217873
171020
138673
547506
974213
584760
971493
925777
782787
605938
12966
161855
946814
131225
646331
135306
80664
757138
41421
970567
147637
782151
65949
686455
616369
149938
522230
145816
721714
94324
942133
14237
786428
413174
868541
29535
419439
56184
374224
48752
959845
267517
358294
864929
349775
976412
966483
769238
98076
590390
99224
379100
589401
171540
219180
67202
283858
371444
596302
545565
609294
447614
221427
760348
512469
766830
146138
44471
355384
461181
826921
859071
818557
629637
719826
818944
380717
187007
406369
271205
694962
34770
99395
901256
260245
8053
460790
526087
944941
832273
198524
35102
764046
958742
981538
121141
324598
247546
431136
263882
725269
690505
98819
28884
948896
83697
582755
702287
631076
876770
466588
278816
489075
440463
289070
633686
185446
320483
849184
502440
109825
730757
829168
757836
277067
319357
299421
100900
622853
437769
770741
806338
728523
756294
820341
95140
166311
231682
585322
753201
573582
388876
169841
931883
388774
811052
208288
990487
66875
968086
875411
379909
341682
324035
675918
523572
793036
667903
296962
589172
87510
624232
834721
510117
143637
212768
931197
769223
506169
466744
913741
503259
889754
442323
58379
135550
548009
173947
481238
223267
521969
218016
465279
261041
422251
278587
141691
765798
297729
544690
912375
916397
945671
427109
640887
761477
749487
340760
190425
394651
617530
945483
946592
400153
935951
143931
922823
42125
335675
417417
954962
98302
109582
782469
623126
24913
767356
505848
540580
616659
638093
868613
894819
27094
430517
809887
134718
650798
963026
866693
829983
201541
437606
814896
912533
318548
861363
983467
152891
22868
965853
119346
559038
438927
839648
263055
225688
155564
983216
350926
761543
435086
740634
652649
660740
396063
742464
646900
192947
641992
745114
723497
607693
66648
411115
176693
581052
152306
284451
582669
502584
754833
193315
424814
868413
56114
801191
694622
223814
425185
381068
759362
329497
775860
824885
913488
559865
532698
837163
823521
938687
772585
388943
472341
767314
627165
474033
989487
941875
689708
678316
289636
725343
40083
34038
585852
502943
96823
106403
526950
188296
191381
694920
38762
183158
857163
307518
391088
469178
14123
396904
556106
302584
353785
847229
958834
649969
627471
4647
823633
984403
156833
739561
645675
12273
938303
667684
942150
362024
679067
114302
769454
812939
270435
387635
928732
507735
422746
698840
978750
93814
299766
278063
788121
632322
481060
622487
19534
302657
483787
439473
358252
948851
493101
893083
399504
214031
483962
94738
28549
81767
955346
518052
217358
888621
273155
164545
785348
66138
592492
730703
579221
537945
325845
747725
973125
325850
294335
983319
405616
762206
105899
802376
256001
698326
820108
760386
57663
163689
494775
285778
177622
458056
112982
9949
919046
755364
841709
817911
36064
313095
800852
899221
900565
972541
694621
175980
421159
695949
952773
549009
675209
466784
121103
185250
518762
241068
926519
326144
232701
945799
456105
689941
198532
805866
390459
542954
15040
186669
483493
981713
769722
528786
643293
103023
292384
394118
81233
117669
627641
925919
11041
592384
958398
337164
922297
582104
141808
783564
379169
101340
555143
56270
103666
407575
922071
629507
217211
349360
399053
844723
715423
275563
113694
729200
31137
892119
142232
158974
141213
580601
429358
552056
609142
335127
654803
262817
43595
580703
685877
251767
233152
653981
326462
556674
282534
832325
508022
984607
608332
991549
798307
398937
65609
138964
190255
880532
908988
930411
888830
404301
281135
690833
907394
730379
651619
515703
977492
945702
621138
75264
110230
427687
971984
632151
251870
215885
627556
459930
728424
167367
751951
625439
481796
704120
698172
387194
209811
181515
56061
20619
307730
347657
394154
116510
869337
9835
106317
697812
647818
728810
256383
238107
691745
365854
54590
931803
273778
111119
471663
567642
308557
968286
452003
218982
19076
208039
242735
150067
776455
452299
18434
932577
948270
87495
954029
169794
822964
110342
862916
415704
848809
988279
153799
559852
303145
193704
306193
374346
630223
624744
772264
594634
714002
35481
643997
55826
588889
185268
729346
637329
647994
464523
834312
377166
94048
62966
500597
709329
97780
395855
257747
254411
260931
735188
490715
240512
703599
173677
183247
980331
505254
776041
764779
938262
612857
366896
801747
868260
418066
612209
927086
673157
197154
766904
629690
268115
403461
322739
112681
32670
875164
234289
418236
206619
17083
612646
213769
89771
613290
791590
285134
739700
52024
76447
436840
503566
987427
744195
38186
720200
852217
954847
46884
508604
101256
401999
341700
160231
776116
582140
99466
802287
216642
259737
987870
414770
713443
591431
822053
98579
887973
26209
827052
586761
830117
587649
836007
496675
642381
968214
937355
76965
449786
838960
865080
148118
381603
257557
807456
271885
79956
275998
833649
925388
906011
708177
675528
218909
234642
936557
83378
483316
310132
430853
205400
615897
644551
987753
815534
535683
384027
959579
567711
317798
415255
280736
931714
838705
492955
850937
837669
601833
599948
778225
338164
880719
699320
903621
755234
373319
41955
617695
277106
743497
69434
490257
435303
415517
520771
353931
460130
497734
351761
120339
180928
841121
274461
795381
907951
146274
71101
78427
356048
207188
180635
936134
408122
573892
278614
569655
230860
288729
741162
171835
776871
144933
811787
790334
360507
302457
317266
118449
712404
833536
580191
588039
584709
165875
880223
852534
219335
56116
682780
868807
802063
793760
324396
673628
67075
189696
987382
156141
252331
262103
581706
866564
595881
785842
131201
966656
397886
966073
454269
764852
62091
105471
81403
664290
387585
337316
206388
564227
697236
213587
469222
565047
511283
534688
107352
398711
972394
778152
771588
802840
390803
793589
816672
141774
3526
810876
41864
28488
106909
952454
629570
826184
284986
704408
971007
79225
125554
945807
533852
610285
887393
230419
173914
925050
45240
893589
422433
634640
804344
213370
840885
714393
595200
393656
700193
686461
104417
825774
237501
99827
160997
385138
381615
481900
380787
735546
37036
573718
902525
891856
395053
449375
972363
847137
78038
603084
625298
313802
930561
364995
684980
850396
195319
200335
354252
914942
300726
77256
53075
797735
361941
874449
627605
339301
221575
87361
206312
108285
739936
5654
179345
25675
184600
533002
416030
510902
491378
304138
439504
782940
670262
974677
729211
14337
543810
588642
841706
42517
985918
268146
600121
967330
100446
160785
153117
718945
66031
179492
53674
609361
88011
196565
35859
636024
609268
731679
653181
4857
245718
227959
833070
572090
702621
117066
822901
471126
478646
340708
980243
880161
602353
804965
95234
823874
173881
292244
47708
31805
209774
752041
712517
883568
130928
67494
189944
346196
816665
940297
700280
114528
571112
132601
641788
228846
399920
918152
576149
193942
74294
830368
42824
206113
472096
124219
622212
717991
136686
337753
346908
400686
545613
998866
252796
896532
412927
713258
457940
757808
812193
674156
301961
992293
901307
181419
340484
907496
632920
122312
940740
60702
441990
637608
393839
245816
203516
598658
774187
10508
557623
170864
930328
521289
478627
931346
364487
201220
929560
916471
994981
808250
423521
401882
737173
324674
938101
890783
321436
300741
378740
536268
706764
954791
676659
898479
352056
35003
921690
503342
613691
732676
773449
949590
615870
983949
553294
259678
97405
869631
141275
972322
835716
553720
578667
657411
223519
5583
731705
88074
490518
784907
990717
752019
16420
236795
59276
43770
706376
262463
211949
929612
755006
123061
752257
184510
379726
480138
267437
915172
668412
846018
661672
743959
382668
19486
56273
719548
434681
821829
336989
417718
483898
60239
308570
396756
813302
486414
302883
636157
419469
230234
332522
201380
311117
399552
607947
268864
238809
718687
893482
22628
583276
890039
985071
79078
649273
369060
363317
911180
752113
201075
343050
134013
923384
827659
359477
566522
65235
270465
309859
390299
267227
188819
615456
547047
362714
731053
460220
50341
726989
213741
54222
421079
757942
582622
32106
664931
415562
935955
184732
733949
989808
523845
611774
619275
482356
727617
314956
260147
352572
504230
576192
135849
699189
704917
543200
517511
961919
182701
905150
859956
678110
1406
481301
443606
748990
539371
933720
499652
263606
918353
864357
521199
980454
867467
257446
258530
699207
83188
989786
268129
39413
171490
879902
944441
250306
544969
572831
298503
480467
729811
632216
623060
547929
759530
827216
889738
583734
413177
27227
656177
967221
202456
796589
116855
827594
336381
383188
392772
419921
866526
880420
225431
576244
91805
815347
116956
541859
895394
8045
162489
794974
771316
381741
417457
610079
760742
733944
424261
987796
590467
397404
68066
266790
654428
60538
661494
411057
239337
447070
901337
715386
849697
280826
869115
531049
884030
12648
935717
739356
745576
766995
789547
581098
846273
622366
705729
539514
85069
543156
325801
879284
540536
263296
811457
20280
165980
857995
69664
627936
213886
94805
476047
28664
716682
722166
192321
135043
452695
767300
681715
11037
209558
543747
619430
207250
865913
586674
992245
422514
870798
78497
368739
905284
140100
395052
907707
841942
990539
146355
239626
837063
125817
322341
347855
483536
165940
837569
122338
854116
893062
494305
303726
565815
427758
879105
940081
457707
765672
510949
39742
420974
198162
715577
631362
724771
39604
765393
753093
720755
66038
309959
583023
731256
673565
650705
22752
902317
393570
460161
606460
721884
635968
672997
173164
821732
683512
25114
338034
684219
132967
962797
920620
138629
784832
829143
627136
480220
916748
562834
184788
166436
386444
794191
246354
805365
107296
2410
475549
734554
537569
344323
82158
209263
667274
121443
683669
361637
766870
829526
109441
457030
579901
332615
505366
357867
540767
907631
282265
523549
149928
547459
765442
825958
42312
715737
74439
818703
688738
829093
616301
491597
216228
363353
603106
891690
306470
471518
318243
830379
87317
650196
471536
890783
933397
664990
894972
817975
284293
923585
349608
935167
262032
895877
7086
326561
760696
263958
428162
264771
488672
968126
444187
359545
941607
609234
153266
107038
15356
656746
888279
458654
114935
948377
790041
314249
226522
165360
543415
520536
855394
997329
590274
768594
762634
145260
929642
108654
786898
332790
241950
516706
172990
596114
448157
456369
152350
306916
776122
360977
284404
705067
360995
560621
550322
891099
343104
321767
570824
597986
79447
185728
932181
865920
213057
575756
785676
587201
262380
321317
215851
558708
722547
73585
406492
349411
308432
132665
836801
360600
807626
305882
313896
69262
639509
565180
543718
633866
316727
368169
768311
510674
177333
487027
29976
845866
97417
385563
75190
925899
3242
27035
668632
494565
58677
505146
888054
203534
753134
949804
219710
509611
630047
64291
624839
284977
437322
537378
706739
262516
553110
788119
90030
997547
530487
782734
443401
627887
802071
739905
291308
460694
290006
279411
438039
953141
322936
508763
296014
410322
575688
136666
485846
533236
589848
409736
397775
932827
343063
275555
751264
869253
399268
391079
501395
523582
64266
936382
437944
408353
31486
919400
282478
788556
527752
883294
958487
665498
359791
552869
472142
176128
256832
91402
822251
140652
710062
62882
287672
343790
466499
837947
394920
885451
399249
706575
265347
37881
668602
128895
636482
174945
653835
68897
825599
97847
569707
577035
135543
473382
642582
902408
702653
297029
789903
461969
360235
673410
898372
490013
504617
908598
6296
327751
597859
516689
208989
700237
901826
701562
264693
323257
157126
706917
34557
44205
699133
489502
540059
374082
14476
48303
265925
469543
492290
255261
953070
510037
424807
284130
766348
865065
688013
133104
262413
54628
330415
199909
773020
760680
45828
280902
469871
757756
737463
630211
488400
180231
170184
793677
652704
844230
285767
159593
639150
278343
486893
369375
820953
317999
895506
845814
112446
849620
842649
934792
862574
747489
966673
536792
294893
522890
768949
378927
543044
5312
803917
896532
501301
956571
408370
56248
59744
116138
579708
296468
805942
373699
632431
322134
635692
254070
54792
20390
435660
853984
546824
83621
537650
855077
846861
430290
712422
86513
790878
685112
786978
38130
488409
766936
925225
549101
986257
432527
205759
323955
75866
431570
136511
787063
103329
849364
717706
166377
921041
993332
180649
273995
27810
973128
875268
243103
506211
213053
856402
170069
676981
291631
415365
209935
950357
151463
539844
623120
226314
593092
648046
471834
396820
938523
203104
608984
590237
318909
964588
146125
836213
912067
748621
180111
595170
41824
779051
967064
412766
670627
679654
906252
142843
616483
857015
630106
267614
9950
382099
668544
123933
620574
856449
131429
920844
907365
403046
789914
846120
26729
133783
183764
627742
148072
287854
453210
236538
87241
17782
101974
426863
846359
190440
525029
418977
457250
650970
905365
667105
986925
488336
421769
739584
415363
160715
69151
838004
530563
744572
457410
73983
87206
785828
298432
703437
372422
626117
445857
800832
392092
764035
955470
799757
422552
472402
977630
160010
567371
416367
369517
785826
96071
788686
610127
748339
253309
180688
265305
552592
259919
285718
10798
175599
775423
79583
604868
472537
923515
8019
199430
380586
254535
64152
29957
559876
142447
549359
683423
872065
252849
632689
98260
103001
218235
264621
60584
823140
936880
651147
366742
52819
602125
624335
82479
525884
110445
80718
563618
101201
870462
234976
224776
50963
335623
859479
879580
477394
456301
738016
975435
845702
220074
323693
318612
55688
236945
670514
848119
833466
807486
450744
635562
176138
827244
242872
356054
97046
753975
461850
861445
271044
892367
146117
560504
640057
666341
480373
236205
3356
637048
447051
971882
349324
52292
220887
544588
20632
269731
923616
644534
348224
795188
994800
311900
520926
247400
279721
77391
122126
329194
714798
681555
971516
93333
914900
499264
690592
140775
349809
88779
249151
261975
808570
28718
622454
65783
273008
694181
767098
823567
563095
605127
332865
3107
993957
916749
191431
453901
7310
806166
671021
493995
300062
126527
248774
615257
532629
48753
550960
421930
792032
293844
463348
880703
507939
220104
754324
42933
594911
951183
253383
912146
514838
380923
338905
724029
597174
360466
301646
847118
724453
26728
164332
620304
266090
799348
301820
13161
374569
49793
558023
461958
18235
464639
475489
426464
280648
211519
7420
988582
392595
10723
477735
57785
986192
999064
170895
342771
523012
871452
530716
891975
861399
748087
319450
349171
139433
723758
33130
689075
971137
470270
948473
182071
996037
363599
959599
907330
27247
455210
690288
842188
506146
481055
783925
115192
578552
215890
777169
550895
706601
835443
943943
227735
749625
515689
171800
992318
772722
936479
57626
913739
167821
333634
279136
428768
427876
170329
839255
547193
620530
184279
143390
634886
367067
934906
344212
386358
175794
537400
783876
419666
180749
505809
705034
667203
749366
127997
328056
50650
46963
880304
999473
585571
487743
988663
156049
796240
670169
397544
754602
149216
619793
622539
380944
99722
199281
817442
499488
223802
955962
639710
598711
894360
550047
962978
647167
630220
654837
450816
48711
594320
400110
951709
14454
594338
3233
109588
485077
524759
939317
62844
210541
676439
572209
239043
956600
70669
168673
396634
353813
885583
477079
241410
571477
510571
417746
30424
345467
152449
217864
787199
665930
74696
360366
889263
329311
804477
285988
736848
453834
456857
127903
226833
931176
191952
745142
106809
592720
523695
186655
780632
189303
663732
283868
422418
437467
656305
179983
291652
102315
996906
956010
909775
624275
15865
52483
19283
151929
34044
64022
493360
148783
914574
158297
715742
33106
761389
603573
497826
805621
239138
454554
883144
217741
529761
264575
874371
264994
179255
645673
400016
226405
933664
945472
809986
350553
997107
271122
966292
736787
65618
875208
804278
975445
106741
462625
381026
784208
837123
776579
340911
731484
15445
907278
150324
687279
301215
908913
459189
463863
905538
857335
849766
874003
951759
565690
346443
405319
969497
120514
379333
818340
562716
75269
532109
777445
15236
154247
655463
607806
148004
637981
913986
216738
91227
476342
639874
83977
852708
450965
626777
618554
926854
157355
388792
7787
344307
925164
865929
597132
837626
429361
652083
297883
913001
448083
33405
927259
507193
648043
447720
90836
531968
267160
956107
75982
539115
422215
808726
449270
612347
27965
999422
709678
731594
619995
249965
412848
548676
825163
589702
118606
925724
287683
37012
108758
115502
556775
665531
120634
786941
620665
44939
857900
554604
288820
587205
974162
440863
742142
736714
276532
189267
142904
791101
724163
566585
313484
386854
941176
463587
90813
21010
890224
888207
992929
135446
280282
917621
444844
957828
340813
832411
791363
24208
433071
721652
419349
843769
449030
356637
191138
212793
921408
606936
669197
358084
856429
297724
554041
337584
29240
211909
326419
428121
648117
604008
416399
838395
905138
80580
282364
802817
462643
666103
657871
936032
144900
915502
3512
815894
217275
30810
464118
910634
383651
116312
921355
978365
814167
131646
788691
276065
590119
947494
485207
309028
738423
832233
947689
725489
905006
785042
468811
879525
318100
611458
861450
344568
635818
895892
110842
721951
833657
499308
166221
316717
993618
566391
34319
440172
612752
875687
120811
647833
894748
643255
891594
251762
328781
403287
706746
345294
541786
794603
469948
541252
496552
797144
409288
378875
253148
450226
471079
454135
869937
200242
873579
324605
756538
132173
749185
967428
296443
925640
337260
593314
222002
597016
277770
39023
53681
802007
706924
531570
368934
663879
331537
940496
552478
368384
891732
422334
792081
939770
875426
820820
875455
909843
109031
319362
676233
904032
436207
394542
962937
382281
803706
9947
876562
493380
766000
100689
457827
59373
472510
424627
696996
610502
38854
338746
268396
279700
486567
823533
632102
248167
757295
342539
579027
698413
255222
846370
715479
333027
312185
9599
451491
515243
279290
822274
766801
313357
993963
219034
390719
140572
942304
723245
577499
895149
465493
906763
336231
676916
296534
474257
878867
416956
924379
194450
516958
990198
914306
688147
498387
64922
199617
579867
510068
648852
318257
543680
832405
208480
928118
853825
173031
238009
266054
145369
468237
679543
850783
198931
35769
462784
880960
578501
59469
649782
707768
543704
459811
925034
527206
472512
642843
479596
909266
391857
631547
588406
124577
874447
321458
605849
976504
559394
718364
615356
54031
700147
968678
889443
228789
761479
904687
664031
396154
386397
113357
680471
655190
83952
765536
206959
818277
831330
980
377570
5775
278344
244393
316834
453913
934559
684666
254593
246315
360016
458936
566882
763887
717460
836845
502490
818474
536328
38707
60342
885865
827456
349640
463242
339880
984759
669848
423191
913155
52144
886183
576201
654783
293238
816548
437873
702190
332085
333279
964273
95916
317322
384868
658557
348622
767332
597779
840981
284443
719890
615241
737435
820522
413849
981208
635437
94402
980435
937060
606325
186362
694385
449268
867327
354966
15510
131068
745498
854815
67408
828319
970340
444872
456515
136495
750468
653721
677512
998748
52510
457343
788419
646571
967353
753896
251960
339467
74676
821083
709829
348739
950417
727831
534248
285725
436814
419592
7172
769560
74537
529186
517027
203297
299005
414621
967036
712166
785410
255683
495229
106487
328156
719018
830940
828348
725529
248880
902479
485047
50692
277205
324308
351073
329839
249572
675124
83513
290181
125904
213122
429129
659387
408626
562187
569447
569604
618738
720239
400712
421930
627315
450515
689910
150199
177072
638716
648032
889607
204024
886073
635447
299376
223656
31672
699380
741022
981247
868640
323273
135030
409090
864828
285819
530147
309928
579109
37423
251747
949486
228813
454947
234672
700740
10149
898682
972758
989970
444875
835056
819427
797165
273374
853186
370535
715079
40947
633563
80514
61425
263582
617112
904277
847919
518769
727786
350995
423947
71303
564259
84172
752143
531110
624429
884494
553121
311780
126463
775173
660148
74975
41851
258904
746154
202319
537172
134521
747795
190067
22349
818603
78947
726229
988325
907343
853076
798873
408910
679534
251926
573742
491178
685482
682524
493914
914644
749766
988280
198928
396625
522390
771450
555294
298509
865282
560294
686421
474959
490443
11289
550591
565369
898772
776904
855947
500947
111182
446157
276253
973666
953
633407
806385
920642
432996
815703
682367
956470
905144
423543
38527
899242
659377
481920
619144
580897
480304
614129
676570
691066
949467
85923
901275
537104
886458
694898
622365
861144
722644
661735
182053
944242
837107
92574
808823
425164
326909
901961
518595
599259
747980
839774
916082
293392
188793
722050
976931
421921
61996
40565
349077
303117
295257
822242
190038
252405
390861
224837
710520
239591
335083
976736
764996
832480
773249
455374
269458
642143
437799
210392
816305
974422
803742
693942
543049
426510
539124
160228
392785
944510
282774
944688
361534
618224
331831
752505
315740
102346
344219
305306
40486
415842
383442
685718
805186
332412
853762
295836
579802
716645
516906
126623
624712
373705
863020
836784
198804
937121
311600
920588
548121
795720
281444
420667
297134
232541
214156
909414
716994
555253
987621
699197
158408
115456
867013
316742
190676
755870
267937
732184
932358
661357
449579
102610
202016
398879
191249
368834
210883
368629
367140
128948
912174
741508
98487
679793
435967
479581
420222
759670
903007
327935
723715
331926
613320
483143
817418
565314
927363
143920
103229
830574
257492
283163
837828
493870
251134
166552
236454
218422
269942
138248
299113
734164
378322
422391
863934
789153
36922
700722
716055
997617
473040
891174
911763
64438
620025
114125
964966
744598
669030
625633
910561
49306
380786
750658
106533
146583
495080
895255
287733
189797
44979
483088
834707
356678
956925
977826
983230
410480
504364
579424
739810
800162
641902
897932
707984
26426
371292
338584
604004
207712
813350
573712
404775
863752
797755
331422
382354
140637
876089
498826
96287
710084
960117
25515
243957
98380
223797
731108
358543
585194
754860
956487
914063
911194
492810
179585
609953
187110
246571
742746
838510
471505
855847
117577
901756
41221
250611
499345
350838
474057
106516
78064
390762
728058
246394
627000
387777
113956
221154
212806
683826
726132
947721
100434
25266
619514
116693
304795
301622
195444
842883
584341
497908
495892
515277
997502
258372
35870
715855
408567
684392
